439
206 37 186 420 124 65 142 144 30 100
184 285 136 433 35 226 248 157 424 456
91 403 299 312 71 182 196 213 456 249
188 411 186 177 372 201 49 420 40 277
243 64 75 465 427 316 294 99 109 39
317 5 238 260 316 358 302 416 34 196
329 236 136 233 382 145 224 41 19 469
337 25 62 80 147 481 448 363 132 161
174 316 415 3 392 275 458 213 135 246
314 167 197 336 362 477 80 38 62 422
497 15 493 447 272 40 284 259 36 244
80 418 331 368 332 212 178 390 209 85
268 348 54 448 303 422 356 297 389 98
60 32 174 201 20 162 456 334 442 260
106 83 226 213 335 56 321 33 364 173
183 62 131 58 498 395 242 32 199 284
395 466 240 487 397 447 308 429 319 432
17 184 22 172 328 388 151 447 253 410
326 60 454 346 112 138 264 374 488 448
200 76 310 351 226 500 334 91 414 367
28 281 10 276 429 135 184 202 235 76
88 399 143 253 431 388 217 287 32 411
41 269 483 93 224 444 238 168 485 69
399 110 130 165 8 300 224 319 2 323
423 85 119 383 403 29 319 406 143 110
412 198 72 189 225 114 401 20 479 19
64 151 488 39 322 313 498 239 487 185
472 412 289 126 491 306 186 407 418 171
266 415 173 314 490 145 161 280 4 251
50 29 68 434 72 404 77 44 37 54
443 442 232 192 478 211 434 400 440 419
427 241 43 492 481 116 235 464 121 350
70 213 45 470 439 397 20 458 372 321
223 303 415 470 356 183 271 340 58 380
311 339 432 216 370 330 319 350 493 82
212 182 302 251 110 158 423 486 276 464
105 355 341 175 175 225 333 7 349 87
180 239 244 321 362 461 57 22 248 213
460 241 156 45 65 464 410 73 157 187
101 301 204 50 103 11 220 434 481 371
371 301 66 357 359 351 313 476 52 349
281 161 226 374 73 64 379 202 318 379
228 406 205 121 110 364 291 48 145 344
403 192 135 292 412 295 459 492 289 382
187 388 1 415 137 282 172 242 358 209
161 332 213 65 360 268 93 271 159 487
244 10 61 117 332 13 78 69 56 275
465 333 147 471 115 319 387 16 174 255
363 144 64 364 278 68 147 471 345 342
292 378 463 424 369 164 252 171 187 495
422 389 258 476 180 192 402 88 132 461
460 254 271 89 279 327 220 303 182 132
380 428 388 405 243 222 397 63 494 112
187 158 60 438 459 207 477 270 349 327
31 492 396 170 469 222 329 129 307 13
398 387 375 373 290 245 369 186 321 64
78 488 16 396 76 454 170 336 331 34
309 61 320 211 424 448 297 55 215 440
424 74 163 171 40 181 241 467 112 397
142 62 440 230 262 19 456 316 189 285
12 495 217 155 417 401 408 347 20 281
336 207 320 62 432 232 55 81 195 309
298 414 335 211 375 395 221 45 240 54
471 496 497 38 69 131 258 435 96 484
488 121 243 378 229 268 499 379 146 9
173 169 151 289 66 26 453 243 92 68
236 124 197 465 427 228 335 237 477 318
292 89 217 21 235 325 182 469 261 147
295 345 431 153 18 237 435 409 404 186
80 155 205 215 498 434 312 47 482 355
21 79 23 356 53 27 215 268 54 372
480 249 407 100 135 203 476 115 169 250
87 325 171 459 4 395 117 297 492 415
5 260 270 47 48 32 147 187 400 321
290 352 95 421 97 72 172 387 22 34
325 237 395 286 333 428 436 453 443 98
9 146 288 73 418 24 470 57 407 285
32 405 284 26 239 73 124 94 93 344
244 322 274 416 330 474 225 472 42 238
458 224 34 117 335 186 384 115 123 402
487 487 451 455 312 293 49 421 480 455
285 113 247 65 205 318 349 88 97 344
257 381 160 55 307 65 287 365 73 391
405 458 356 488 389 178 333 325 477 211
476 397 346 440 387 258 438 230 61 495
16 279 312 471 16 430 407 375 87 166
153 124 100 245 209 60 326 99 423 496
129 238 19 460 393 442 305 220 17 333
331 414 359 226 341 429 165 431 31 24
359 384 419 464 413 341 13 54 157 148
29 256 100 319 264 66 319 247 492 87
379 189 447 481 437 280 449 48 487 93
187 312 436 171 285 411 90 342 70 115
62 46 298 400 385 66 35 311 257 458
188 86 68 441 270 287 456 348 355 36
303 399 168 208 399 130 475 136 163 481
230 424 140 130 220 381 30 374 196 396
313 450 209 275 468 325 303 74 81 448
211 128 232 326 172 171 409 28 233 164
334 152 15 69 378 244 149 91 298 368
272 307 150 428 499 189 325 182 278 18
209 323 21 394 269 309 358 469 205 47
161 80 315 486 218 332 188 346 132 351
467 487 104 453 370 158 435 356 472 148
459 450 154 42 481 179 495 408 254 472
225 270 494 390 308 311 183 17 366 51
355 305 350 500 332 377 390 473 442 208
195 357 495 240 469 226 2 43 119 308
270 112 171 145 280 342 372 44 447 432
248 40 46 424 208 384 215 98 427 321
322 261 207 19 56 156 401 191 423 300
69 284 344 341 287 302 428 13 369 30
93 451 409 84 339 215 438 271 192 130
464 262 165 341 114 430 419 428 205 41
301 23 353 152 468 150 39 393 283 267
19 445 125 379 449 346 186 489 427 26
103 391 70 215 93 286 398 30 472 186
134 346 164 483 110 292 31 500 465 179
470 243 30 303 375 452 357 478 147 174
488 224 116 346 181 367 279 130 102 407
203 459 115 412 477 330 69 460 80 413
444 248 450 482 401 100 368 8 110 200
129 369 373 318 371 44 99 253 264 102
238 315 348 112 458 59 345 74 500 251
365 256 15 387 310 137 305 146 464 152
239 95 70 28 48 491 460 433 447 230
145 470 411 1 362 392 14 396 38 385
9 150 109 336 209 77 75 296 21 107
22 442 109 268 395 448 125 352 302 284
255 315 8 30 420 410 400 152 343 203
199 192 194 108 478 109 330 87 148 59
335 491 386 136 314 315 272 94 264 150
77 73 217 414 44 212 256 39 49 328
113 137 219 199 134 381 134 217 169 278
135 410 65 147 6 299 376 393 374 79
121 98 351 236 471 460 241 364 405 334
219 14 415 21 314 81 11 155 495 302
468 23 87 307 326 14 413 36 84 392
461 307 412 353 488 167 204 283 268 143
264 382 334 210 77 156 388 424 35 102
390 90 250 190 149 268 37 142 306 132
380 482 172 438 240 438 202 373 480 395
233 77 358 163 458 294 409 381 156 470
65 104 440 499 184 51 169 435 36 480
469 256 2 248 344 446 292 359 380 1
302 357 472 381 85 8 126 47 493 127
381 199 322 381 172 281 262 2 381 201
486 456 108 84 267 109 249 252 167 193
487 356 82 468 278 434 158 171 309 444
142 166 18 494 413 241 422 418 47 484
330 203 143 224 186 91 307 123 1 235
245 23 336 405 341 419 427 3 20 1
368 238 223 318 485 212 338 254 114 69
198 253 368 435 297 91 400 305 9 159
201 51 436 89 217 401 332 302 142 223
478 195 464 394 106 130 147 459 447 61
172 179 232 15 234 80 435 162 176 3
71 308 243 387 367 498 277 197 351 163
487 453 191 226 50 262 105 452 87 139
116 375 184 245 450 270 420 378 132 374
61 429 178 391 379 43 11 79 414 2
248 306 311 122 352 98 426 88 449 479
462 64 30 351 87 450 445 338 500 55
141 452 329 274 465 343 261 53 28 83
456 82 67 199 390 130 171 464 309 36
438 405 401 500 274 76 169 276 75 239
136 373 122 176 80 436 406 88 205 296
302 300 343 199 166 432 25 287 236 53
6 115 182 344 247 270 192 362 69 326
83 244 330 185 39 119 422 145 135 156
156 7 477 191 319 135 125 323 155 216
60 2 106 4 198 193 31 74 491 486
195 271 408 369 289 468 355 337 337 91
294 231 403 277 109 93 190 69 198 103
191 54 314 7 422 120 28 131 479 169
43 403 379 53 165 274 459 42 17 7
184 272 46 454 64 248 206 341 157 123
330 446 345 445 70 92 283 101 498 124
369 244 122 186 172 279 200 357 499 221
368 42 207 306 424 444 360 63 199 180
218 353 367 426 282 88 258 32 4 276
361 184 148 124 434 225 493 409 401 388
36 464 46 149 307 180 377 290 225 31
404 9 441 163 463 377 60 47 321 240
115 407 59 234 468 463 492 94 411 403
419 404 417 418 434 498 205 438 118 468
222 406 385 190 424 109 196 93 436 49
190 290 48 447 45 55 13 131 59 9
52 489 375 115 234 21 165 150 209 218
418 490 428 366 89 400 213 277 448 257
204 472 448 81 478 300 288 8 251 358
456 59 407 153 243 283 51 466 111 353
159 297 52 70 449 3 440 261 321 362
269 210 130 34 126 85 425 35 357 302
101 310 169 185 237 94 209 276 334 305
63 52 480 466 496 158 447 318 473 417
156 85 73 49 221 372 411 435 220 315
116 285 327 84 466 376 330 26 224 109
397 199 386 329 321 68 275 456 481 128
34 240 449 53 251 104 386 421 154 374
10 74 137 296 367 377 387 459 359 87
219 85 192 103 86 134 472 283 110 472
50 401 245 416 13 388 389 107 275 57
199 59 433 141 3 176 197 68 442 484
140 124 246 413 465 255 456 205 427 207
359 69 293 472 194 97 12 109 497 99
328 396 41 223 270 167 105 186 477 23
217 386 444 256 248 112 68 495 301 498
435 83 4 374 154 426 422 410 37 487
296 101 50 24 392 68 276 169 453 34
159 247 186 75 125 473 382 361 211 351
492 323 324 240 378 18 421 262 122 57
427 229 287 456 139 16 11 384 87 313
36 332 390 237 350 129 430 298 72 136
223 11 303 99 401 73 293 367 388 369
427 22 131 419 265 337 405 71 75 356
209 187 58 228 26 115 260 28 272 25
276 178 446 134 465 193 250 275 186 372
424 217 205 240 332 77 384 197 293 494
117 475 361 444 125 283 264 78 54 451
449 290 365 401 383 266 123 315 28 303
300 387 290 44 478 176 85 227 182 244
454 500 115 478 241 435 137 8 315 307
451 136 89 500 95 162 168 349 19 317
150 182 34 326 15 281 46 133 359 399
25 212 287 315 332 66 10 412 422 66
115 28 58 386 385 79 450 336 263 385
37 306 486 405 188 26 88 210 24 56
407 472 335 208 111 149 493 325 244 422
136 500 176 351 45 27 30 425 111 10
413 488 198 122 188 373 358 446 283 470
441 260 42 65 65 174 186 261 42 490
427 449 488 207 253 24 253 108 467 266
29 459 362 217 339 201 128 150 65 44
213 201 321 353 356 219 50 262 366 268
436 148 85 298 292 173 113 103 243 406
356 366 18 137 126 494 190 497 193 296
63 193 80 395 366 24 366 363 36 402
46 73 103 357 308 56 225 489 75 280
472 264 141 298 306 198 446 485 431 264
403 412 310 21 65 150 473 201 271 383
156 410 361 341 326 388 20 143 291 15
161 244 356 92 226 135 326 87 457 340
202 170 349 196 127 237 35 278 14 417
118 264 7 14 86 8 377 10 104 269
319 488 148 241 388 309 207 292 421 291
161 425 374 35 402 144 227 327 117 428
300 16 214 367 421 491 391 190 349 382
485 363 494 40 18 300 65 473 367 286
310 127 491 169 161 380 311 139 314 74
343 73 235 491 305 325 130 311 447 93
19 7 215 418 431 372 478 152 236 336
197 178 442 215 2 409 488 352 48 222
114 154 415 424 26 184 365 139 170 265
34 133 234 114 415 247 396 495 189 155
488 227 356 442 171 493 454 289 343 249
8 426 440 41 210 149 316 486 204 188
273 460 291 245 478 351 165 214 117 220
273 438 84 46 202 140 161 81 165 371
326 56 367 306 119 318 9 407 427 109
298 58 71 77 140 439 160 494 427 302
269 478 138 179 91 130 196 303 93 149
316 63 95 195 151 60 406 197 486 35
373 246 212 187 214 363 191 492 330 443
314 37 484 64 232 380 184 285 397 93
289 448 471 387 228 382 479 245 390 382
76 425 312 319 328 331 109 303 294 238
309 73 192 447 351 185 377 461 143 305
374 409 360 66 50 261 418 119 383 259
401 32 361 293 374 414 99 319 421 337
159 171 3 473 49 213 235 319 107 86
134 348 450 36 38 95 423 418 36 460
284 359 414 500 427 458 480 275 49 355
374 7 156 3 484 456 186 339 36 8
233 206 153 298 267 213 29 121 150 115
395 151 415 444 324 328 176 17 28 275
43 61 423 469 476 419 385 169 245 64
82 165 61 222 118 71 178 483 228 5
56 188 173 3 61 121 258 103 270 498
485 242 149 18 64 240 121 100 242 315
436 391 291 487 108 253 248 216 489 338
265 498 131 207 155 328 308 298 63 159
48 205 275 175 362 362 208 334 262 260
289 165 352 183 272 154 67 266 366 462
347 146 367 169 356 229 185 458 10 435
310 497 451 221 193 119 96 255 121 393
500 180 433 47 271 205 416 30 72 124
497 64 136 68 69 28 72 460 341 82
13 45 246 440 59 489 116 27 351 422
27 309 283 22 218 169 273 160 457 451
457 38 480 370 310 57 242 222 8 297
2 458 197 385 344 485 195 366 395 311
206 56 360 226 22 255 375 115 324 159
203 237 443 151 206 98 203 382 301 163
413 475 333 305 493 77 77 6 455 313
2 150 469 452 184 328 332 97 421 439
274 263 412 356 298 302 75 57 215 152
21 473 303 484 494 19 309 301 362 479
486 482 136 275 262 240 197 132 196 348
62 456 433 62 371 36 314 310 343 103
115 49 176 152 98 193 28 97 146 258
187 123 265 478 129 412 492 328 373 139
490 473 39 3 386 290 25 275 57 339
396 162 425 255 496 480 331 220 466 61
253 177 4 82 384 90 223 95 461 364
74 279 434 184 476 54 425 302 320 147
277 364 96 416 118 137 260 426 249 326
424 439 358 360 68 96 311 200 385 4
15 237 93 460 49 320 425 235 19 214
49 388 143 349 143 145 413 358 427 215
492 273 80 74 335 247 247 464 442 411
116 246 208 236 422 350 494 77 387 396
50 332 471 404 52 52 104 167 42 485
352 152 331 33 220 429 76 179 345 233
279 246 157 493 287 27 198 384 101 120
134 412 452 355 327 14 434 81 466 114
24 35 149 58 232 90 475 310 448 138
75 111 297 401 494 78 51 284 463 463
201 272 216 390 291 354 69 467 84 75
50 391 342 381 330 398 130 7 137 348
478 331 347 138 470 376 262 28 75 80
129 152 81 294 385 181 227 368 177 312
102 211 119 447 7 248 90 360 349 270
102 405 388 288 113 204 317 484 222 274
251 437 443 458 234 158 480 286 467 352
189 193 442 352 141 293 49 184 177 401
216 453 5 383 69 127 348 318 389 494
123 70 120 467 87 367 300 79 5 26
273 298 55 206 223 280 220 304 323 164
282 384 114 271 94 322 331 93 84 448
294 391 54 305 483 461 384 243 315 163
22 123 17 387 386 211 467 332 388 397
302 245 420 337 325 294 443 483 337 313
211 318 31 127 472 497 440 332 188 81
30 352 383 94 475 219 454 178 92 437
118 396 242 394 226 87 384 105 48 271
44 318 452 247 267 164 97 415 125 220
46 63 173 437 118 322 157 4 91 103
135 101 23 76 121 238 199 115 255 406
34 352 444 486 291 68 475 90 325 55
70 182 422 346 312 294 100 58 231 192
57 261 78 234 327 284 30 185 493 317
462 58 252 23 200 47 41 55 156 428
23 461 182 477 470 61 379 274 201 228
120 162 435 325 90 417 70 386 258 428
336 432 370 296 311 135 137 216 150 103
382 91 93 161 490 325 39 334 321 114
475 1 363 449 391 90 430 359 155 62
205 179 434 308 15 202 161 360 390 227
474 10 317 375 453 33 258 221 87 316
27 10 107 411 233 11 210 10 402 447
72 8 443 23 357 183 29 481 303 192
377 380 176 263 480 69 207 250 8 213
1 179 257 214 57 435 203 197 207 210
255 105 148 185 99 95 182 77 395 363
38 123 480 222 122 304 96 180 164 83
266 471 447 65 135 169 59 61 462 16
339 218 480 131 61 222 498 351 459 257
157 386 279 12 166 177 448 121 362 154
284 392 31 488 211 335 58 23 497 500
90 248 148 315 23 251 446 383 253 272
127 500 258 109 67 85 432 21 300 388
112 493 26 486 246 129 46 314 321 398
465 438 386 360 392 70 35 140 332 357
370 195 83 6 341 270 104 80 498 197
355 331 51 464 93 171 428 442 435 382
220 335 45 70 78 2 141 244 462 340
275 338 459 91 307 27 227 29 477 244
265 238 364 166 345 438 241 86 20 159
143 474 72 250 248 379 46 191 395 406
450 470 267 302 64 355 165 409 409 499
312 114 313 165 387 392 99 162 195 469
273 269 460 216 166 192 187 398 201 408
285 163 436 442 140 316 461 46 337 254
165 361 209 367 181 428 329 443 191 22
7 137 349 329 459 19 266 258 30 313
225 146 20 126 284 474 51 230 5 88
104 299 219 265 186 405 211 8 265 317
286 477 461 96 391 108 369 217 337 333
264 415 460 257 224 475 473 170 241 361
179 337 72 14 412 140 31 127 19 128
357 495 347 261 224 249 403 394 266 407
40 477 277 33 22 42 460 225 380 343
235 89 388 153 128 30 386 179 72 31
470 119 257 83 124 355 315 193 428 18
97 364 219 182 168 42 95 101 493 323
383 285 465 62 129 395 298 176 499 106
445 385 326 412 339 462 95 187 96 470
272 231 185 61 27 203 164 48 489 420
449 404 483 235 307 120 308 463 468 421
168 77 58 225 35 150 448 422 240 410
91 224 324 357 44 151 331 352 316 174
103 299 325 36 492 50 243 448 75 398
220 136 445 91 253 485 483 35 73 379
498 443 57 223 434 126 249 439 440 24
460 302 9 240 254 348 137 141 387 43
114 137 213 363 403 51 277 410 152 302
231 299 27 134 158 197 495 361 376 314
447 87 218 105 15 245 488 449 282 236
444 429 42 485 96 3 167 373 77 129
370 68 256 373 116 137 104 212 332 378
284 304 256 126 353 486 416 219 260 405
197 95 332 391 387 412 398 367 199 125
24 106 136 209 201 194 67 62 224 219
280 428 334 200 387 10 481 105 429 457
384 497 401 363 165 475 149 306 4 434
391 327 154 146 424 419 165 101 291 218
48 10 69 149 171 162 149 348 429 168
459 282 395 490 132 176 387 128 153 499
491 242 48 9 457 110 342 119 322 396
74 120 150 282 460 163 291 362 241 201
417 222 497 205 214 55 304 449 332 422
235 496 418 278 52 77 241 349 146 246
128 316 269 257 43 182 38 346 209 333
79 340 312 477 244 240 302 230 270 12
249 60 398 8 242 448 414 168 443 279
138 480 155 225 281 346 391 157 6 394
303 41 346 377 391 352 187 465 119 85
407 309 6 13 70 298 247 311 67 35
29 4 278 324 146 67 129 179 164 45
257 115 374 360 466 390 247 186 449 198
442 273 239 126 226 419 485 262 453 200
289 68 448 397 360 332 220 361 476 407
370 145 169 45 435 370 189 189 291 304
466 128 301 255 122 96 358 269 219 377
41 458 163 66 444 202 131 51 427 432
69 260 58 49 98 183 167 152 39 128
339 439 14 223 484 495 308 335 273 401
234 19 249 411 391 101 114 367 79 302
356 141 180 324 129 499 101 11 18 420
480 214 194 111 384 411 371 90 252 425
274 387 405 416 148 185 339 470 457 132
59 315 30 82 15 276 453 331 242 289
276 177 334 478 437 494 260 39 210 63
437 392 20 466 500 160 90 494 452 63
347 141 105 392 441 311 90 34 363 469
322 348 251 70 439 263 89 52 82 500
42 417 71 144 363 328 70 257 18 87
475 84 369 349 391 481 478 415 89 67
164 495 239 332 356 326 15 353 156 18
453 121 430 266 240 374 49 445 206 246
323 276 29 40 411 408 362 339 301 204
265 14 353 123 395 129 49 305 211 224
486 184 360 101 399 190 117 327 314 168
433 12 436 62 225 447 250 76 485 1
166 322 339 410 424 275 388 125 342 354
65 243 381 303 449 217 42 89 387 247
404 206 274 75 233 321 497 340 196 489
55 252 499 315 385 58 132 384 362 86
331 226 374 228 66 96 448 247 340 380
472 151 162 205 225 53 48 472 105 7
101 194 200 455 23 235 85 88 34 479
131 338 45 419 363 352 399 450 24 205
355 272 250 323 286 244 366 291 295 243
88 403 366 162 329 144 52 263 27 100
270 427 283 298 320 23 464 411 394 370
237 299 462 194 425 349 350 360 237 77
413 144 79 66 398 436 369 62 275 179
227 4 191 84 493 162 124 390 232 367
270 210 435 359 187 431 286 490 367 1
422 487 219 344 26 175 378 387 313 463
452 192 307 326 473 279 222 3 33 288
235 271 48 290 144 20 445 230 180 381
49 437 132 333 12 308 166 357 161 224
252 492 266 167 472 465 148 352 438 230
454 348 8 92 404 87 287 151 473 240
214 345 301 463 116 175 147 127 97 441
175 63 5 99 134 60 418 450 75 390
179 414 118 495 374 21 408 232 264 221
240 205 458 253 346 23 384 136 102 2
267 265 199 66 385 161 123 24 498 384
251 466 116 197 237 454 94 436 360 31
191 402 321 107 339 433 85 17 411 172
247 445 15 209 433 280 339 497 188 469
321 96 442 437 429 33 7 400 468 227
327 142 116 399 85 100 4 356 440 152
43 54 201 156 178 119 104 483 333 25
296 490 115 379 296 146 307 186 169 58
173 36 50 214 494 384 426 91 69 445
335 258 473 267 83 238 321 178 367 136
32 287 321 82 235 297 134 372 500 256
448 381 273 106 229 213 173 282 107 443
73 218 276 28 231 166 52 221 446 140
11 490 12 174 423 488 180 442 500 246
272 462 470 214 53 291 353 132 358 226
431 500 127 65 113 81 231 497 460 421
2 390 171 426 341 275 279 225 340 273
423 283 236 469 184 418 324 147 295 310
456 290 17 477 203 44 491 209 273 12
32 149 85 238 378 80 493 94 234 306
462 151 195 167 267 140 438 306 14 500
356 458 200 292 122 201 147 252 197 171
384 358 246 320 138 352 407 499 418 497
104 339 36 409 76 250 272 213 43 454
365 301 20 22 238 470 421 323 10 55
39 193 203 152 405 357 85 386 364 12
455 130 110 227 217 219 364 181 89 59
336 197 334 122 22 473 47 227 173 390
192 420 236 239 240 388 170 92 306 133
120 184 159 91 22 420 301 311 73 281
129 227 295 324 37 167 471 113 347 270
187 266 327 387 378 409 52 140 41 253
37 359 485 82 236 140 386 335 338 90
240 357 261 403 381 416 52 299 109 457
366 485 17 220 475 400 464 368 63 220
232 298 169 133 91 452 296 187 409 103
395 197 395 302 97 218 393 104 267 400
447 152 380 473 17 466 349 107 205 240
199 73 473 13 1 308 65 397 319 62
121 198 247 36 376 283 495 209 183 360
212 133 404 251 420 353 397 205 478 202
392 421 95 205 374 87 31 171 439 192
355 442 380 259 413 329 358 277 240 420
236 171 241 294 326 176 456 430 281 378
230 77 26 269 394 130 360 391 453 213
185 306 6 325 413 222 430 26 480 131
413 9 76 289 290 123 232 447 224 79
151 152 407 160 5 215 126 10 151 457
446 138 213 67 205 68 62 50 146 54
284 261 392 241 110 275 197 453 193 418
469 17 177 181 445 244 29 500 174 15
235 424 393 81 248 486 156 400 241 6
240 221 491 374 477 209 214 130 315 420
18 93 388 177 417 326 159 409 273 426
361 392 151 296 349 26 318 275 479 25
340 424 380 83 65 254 310 418 52 160
257 348 232 279 350 451 455 472 221 385
441 377 18 102 127 394 179 204 427 404
436 196 476 15 391 329 46 454 448 79
300 444 116 58 207 403 200 455 212 17
1 123 347 13 376 420 24 44 156 140
72 326 239 259 61 410 248 134 492 68
47 413 341 209 439 286 335 369 313 42
207 353 369 257 388 28 233 479 457 470
203 10 397 443 58 476 221 486 453 460
491 407 159 25 91 79 172 428 311 480
301 475 295 96 401 441 188 191 279 491
26 12 340 53 269 481 392 73 189 423
218 378 79 357 369 54 428 69 16 454
358 136 118 209 306 90 84 484 264 269
443 41 455 469 367 6 368 253 130 227
84 113 336 31 435 162 74 158 375 247
388 126 185 490 312 254 331 347 121 339
303 113 115 458 38 94 419 440 140 29
178 44 194 243 191 442 226 367 359 346
104 490 423 86 168 203 422 242 398 331
318 136 460 174 96 47 221 223 351 429
117 130 16 365 80 390 131 181 318 345
487 101 341 376 197 370 374 136 104 210
185 151 40 446 11 314 224 196 334 26
462 70 310 280 284 399 334 219 20 52
137 452 429 357 323 417 301 66 382 195
426 153 310 155 183 138 80 38 48 417
229 10 416 185 194 35 433 65 58 388
6 175 43 291 78 67 419 472 205 100
252 111 101 296 11 89 171 366 54 460
496 200 149 215 260 6 259 122 488 183
73 218 248 222 88 247 446 460 203 213
336 220 24 343 303 303 416 217 273 150
327 338 436 7 269 312 219 372 191 164
358 231 478 324 289 113 89 465 94 72
317 155 329 120 367 104 171 46 146 399
304 123 55 384 203 127 129 382 448 201
189 81 204 472 26 92 394 184 349 2
191 81 264 319 267 472 205 123 285 487
49 268 218 233 471 463 59 113 84 462
22 498 485 255 15 84 144 459 49 132
159 313 451 21 130 390 488 31 195 27
272 460 381 168 355 120 323 422 199 498
158 252 371 400 396 129 212 390 151 127
36 59 21 42 313 101 324 62 137 222
282 444 374 486 274 241 229 329 411 245
393 400 233 64 155 333 183 222 384 451
40 437 44 39 292 344 115 186 2 327
290 6 126 478 318 184 102 272 200 177
40 185 451 276 88 117 358 102 166 154
443 273 168 371 85 276 63 470 63 5
383 187 475 44 467 374 232 491 439 374
256 265 203 96 131 45 451 248 49 479
217 349 435 461 127 301 73 283 139 107
476 363 425 425 417 360 350 283 118 188
30 4 442 424 379 475 171 74 323 112
458 160 473 489 25 123 391 276 176 215
290 36 8 347 205 120 137 443 424 88
235 498 461 80 399 248 472 389 160 15
485 86 327 422 394 203 1 382 190 215
419 388 50 42 111 420 221 495 92 178
348 452 480 437 34 306 430 289 329 474
23 412 386 265 111 170 424 83 44 13
196 195 151 435 227 260 248 358 425 150
292 488 497 475 228 293 327 462 183 430
288 375 487 281 68 388 302 62 420 111
347 181 478 466 494 187 419 361 458 412
289 189 2 460 68 372 100 17 151 388
472 414 437 463 28 283 62 101 114 142
472 94 92 407 286 187 133 63 159 219
457 56 334 354 441 87 135 419 127 348
115 60 77 138 317 366 465 253 402 71
413 229 221 86 353 484 473 473 68 414
420 103 279 121 417 284 328 400 140 59
168 407 246 7 354 303 498 370 352 222
362 345 433 71 357 93 23 445 122 69
310 329 339 89 87 16 108 13 273 261
211 474 373 101 462 396 29 65 230 115
2 229 298 288 212 365 26 438 341 186
329 336 358 132 21 179 266 26 114 342
414 397 404 54 136 448 367 429 131 426
220 441 360 494 113 482 85 352 42 351
60 205 157 122 226 308 452 348 35 388
403 343 496 238 389 98 426 319 440 471
496 21 58 450 272 228 274 412 53 142
417 420 489 475 275 205 203 273 267 175
413 433 340 12 280 159 114 233 259 276
245 48 460 175 67 358 132 284 11 216
289 312 202 429 35 298 161 120 289 115
462 275 101 39 263 439 152 191 214 232
498 423 464 69 373 415 450 152 54 53
444 180 5 20 380 364 375 4 83 428
265 483 109 413 368 282 467 223 327 19
480 267 390 386 249 230 361 182 177 268
193 138 296 228 191 303 132 71 182 5
41 402 48 27 2 206 499 377 210 379
376 257 488 182 467 239 191 318 137 171
467 248 197 161 310 133 96 247 400 18
3 238 325 36 13 80 292 125 285 422
483 325 312 140 82 245 458 81 497 358
214 332 252 186 195 187 464 43 396 308
335 406 418 353 64 194 448 385 135 309
175 206 456 260 99 319 451 343 500 147
262 431 119 97 184 410 120 304 141 460
190 168 99 350 159 182 423 80 337 214
170 242 101 389 355 203 251 266 359 6
107 78 92 342 269 216 143 207 159 173
416 322 442 279 410 436 91 49 8 142
309 155 363 3 57 94 326 362 18 402
148 9 72 51 442 175 117 444 333 77
31 494 480 173 126 356 180 301 187 23
133 427 495 337 315 416 373 194 160 149
32 330 115 83 209 124 214 288 48 234
250 96 303 142 155 456 475 56 301 400
374 135 52 299 295 2 353 36 359 284
372 297 494 314 45 278 87 152 92 279
299 470 88 464 287 110 303 257 32 111
115 188 500 436 245 179 185 43 406 149
188 151 439 250 315 432 171 276 127 489
27 223 267 385 241 127 50 221 318 134
404 292 226 145 74 444 384 451 80 44
320 197 33 56 9 481 317 124 110 376
223 244 114 291 123 171 25 281 396 492
125 405 113 240 371 272 321 280 174 378
42 74 382 207 26 228 290 293 41 133
2 396 115 237 433 401 66 88 242 20
409 18 12 420 425 479 116 131 11 210
3 322 50 50 385 23 258 367 354 359
8 244 22 43 248 471 181 178 16 413
483 91 77 81 359 94 266 58 236 256
142 143 397 99 175 338 391 214 390 462
457 110 114 323 490 500 405 309 189 382
428 480 221 280 389 221 242 313 376 407
225 489 418 83 11 460 366 469 181 43
67 202 118 41 230 121 394 328 201 52
378 404 63 308 420 393 21 14 487 67
4 408 335 430 190 239 179 128 146 58
306 64 261 373 255 32 85 421 283 462
25 487 199 494 174 96 133 154 440 243
480 434 425 346 396 134 493 479 200 367
442 259 145 301 497 345 490 292 212 289
57 469 358 160 358 349 113 211 83 498
357 500 473 302 41 242 335 91 438 336
141 288 495 304 234 500 463 407 42 418
259 353 257 168 36 363 295 293 233 335
472 199 206 347 265 363 421 142 432 243
233 185 165 333 309 310 274 85 266 409
432 76 154 99 475 346 157 500 333 35
68 259 403 404 398 30 361 190 26 369
449 236 400 71 198 239 345 443 335 290
415 16 342 262 101 353 161 186 57 460
457 105 446 152 343 147 220 63 308 486
51 315 323 476 167 135 240 91 183 223
418 231 163 367 421 177 127 412 24 264
21 310 372 312 306 385 377 199 390 23
404 201 274 183 56 54 180 474 293 263
487 8 199 69 91 173 68 202 107 278
480 363 333 240 382 271 420 459 453 451
426 78 76 447 473 41 303 104 458 226
463 35 271 481 468 326 75 455 244 299
267 129 422 313 411 20 5 431 112 335
406 138 61 10 412 234 117 97 427 291
121 156 475 30 489 121 35 45 26 343
187 448 261 67 160 11 151 227 304 158
84 164 494 184 263 195 344 77 241 109
464 337 240 456 326 300 340 191 243 55
322 479 499 446 37 336 465 181 388 423
161 5 241 455 133 116 194 199 118 129
124 127 483 108 443 414 180 27 266 70
366 330 167 73 106 191 277 467 105 11
411 141 378 17 192 93 6 403 73 474
414 89 270 230 48 117 187 271 390 108
445 259 86 484 91 30 423 188 17 466
105 361 19 117 262 389 18 122 294 228
358 151 164 234 475 100 317 341 421 481
408 437 321 55 434 342 498 152 342 439
466 115 84 52 409 142 288 434 333 341
415 351 304 335 182 429 136 38 427 497
24 122 476 142 149 127 468 197 98 151
294 274 500 36 384 369 19 228 445 68
496 49 372 229 30 399 368 61 42 238
141 254 292 404 123 188 30 199 54 472
460 428 466 137 229 209 31 416 66 172
154 77 136 323 170 305 468 125 454 292
220 395 102 197 263 261 493 272 54 247
100 470 134 284 128 471 159 40 277 193
26 366 86 376 12 277 349 143 32 152
192 33 19 482 62 52 278 372 405 180
457 389 125 464 222 135 319 313 166 150
353 226 386 172 375 190 23 242 474 16
372 278 473 424 423 17 265 215 299 203
281 206 71 25 43 435 485 177 437 462
486 121 353 481 85 324 71 326 365 174
89 454 174 268 51 499 150 219 76 264
267 449 90 340 385 428 443 306 447 348
453 105 95 227 336 88 476 448 153 391
23 265 210 378 237 218 145 412 277 476
132 410 202 104 489 158 87 31 40 93
200 279 283 124 375 117 474 463 102 256
17 420 414 356 56 91 156 344 368 485
387 45 26 254 310 16 423 275 251 356
449 195 401 356 157 338 96 428 73 390
379 333 130 282 19 385 214 463 342 126
372 389 59 75 130 182 309 214 410 255
465 358 279 202 497 177 279 397 400 230
373 102 174 58 372 115 7 499 491 325
311 38 189 293 301 54 381 173 35 192
397 269 456 68 469 82 42 335 145 28
383 37 445 95 433 278 322 455 390 44
266 21 30 417 339 317 334 144 121 393
220 292 117 441 320 419 382 323 16 221
103 102 315 122 313 194 172 393 356 58
25 116 285 260 165 275 272 138 338 189
28 429 475 330 171 377 308 458 499 124
445 234 444 465 319 433 48 360 32 405
115 272 229 415 256 411 45 182 324 460
117 160 10 67 250 128 86 130 329 318
65 500 488 29 324 232 93 350 269 249
132 240 182 268 51 134 169 1 93 224
439 407 184 433 63 397 218 171 260 299
162 304 291 305 490 194 461 360 126 356
121 55 276 86 340 391 309 13 19 49
367 307 338 428 333 388 484 75 318 392
153 29 275 314 4 353 487 296 181 188
316 252 342 136 17 282 406 463 186 317
243 202 39 359 422 468 495 382 282 500
369 257 122 381 317 315 385 90 313 342
476 189 66 208 342 466 126 175 169 253
74 458 319 18 244 26 194 153 326 229
225 53 362 28 260 460 379 498 309 199
82 219 56 90 184 343 229 330 264 394
440 21 447 61 365 304 264 116 315 396
397 444 108 273 206 261 11 232 405 451
205 496 467 339 49 29 322 172 255 299
256 228 232 11 286 183 256 475 106 458
407 144 113 213 427 348 419 333 350 35
376 344 119 28 279 407 461 459 23 449
122 403 70 431 405 245 22 389 400 306
317 57 167 467 442 459 223 457 129 241
462 11 468 10 126 429 387 292 397 249
444 170 441 494 414 295 82 394 472 288
352 59 368 448 236 305 56 486 287 39
171 458 239 289 376 44 409 5 404 173
396 99 115 120 319 423 183 427 140 74
353 69 399 258 74 215 253 5 347 489
373 203 339 294 465 50 204 470 467 224
460 132 215 459 129 298 225 216 393 318
97 297 120 100 137 155 189 404 300 461
355 418 71 496 115 108 500 360 327 277
422 231 179 23 495 220 61 169 352 326
117 14 332 7 227 402 438 106 300 243
57 217 32 288 62 67 366 312 458 170
214 287 258 205 370 407 151 90 394 496
38 202 118 407 264 245 426 91 438 27
363 84 282 87 327 41 313 26 155 445
327 7 494 200 22 83 213 441 322 494
72 265 498 256 19 131 359 36 102 412
448 78 435 266 111 479 183 235 107 14
51 398 27 436 81 429 142 97 230 418
353 442 350 141 263 332 182 88 189 59
480 21 325 98 209 246 498 15 417 90
49 105 233 192 500 2 474 402 375 151
324 20 300 325 419 296 449 316 387 253
306 24 167 438 415 78 262 363 419 229
335 41 118 432 419 122 328 197 367 449
159 93 264 221 24 323 126 114 238 92
22 317 414 290 127 307 279 151 439 78
388 367 77 169 119 5 3 420 221 43
293 265 476 415 33 230 206 311 257 91
73 286 307 259 80 236 307 195 412 172
196 111 42 241 8 179 167 124 124 182
64 114 5 139 46 435 348 104 479 263
119 235 156 177 199 208 118 209 492 31
222 419 120 417 493 36 33 174 223 92
164 462 375 383 258 176 498 58 182 334
255 40 136 298 8 201 80 188 113 241
290 54 331 20 467 276 190 133 358 156
391 108 13 429 51 7 183 40 14 255
388 11 295 226 18 33 334 304 349 248
295 84 135 205 238 8 216 316 277 266
25 33 327 338 146 287 225 470 297 185
486 491 179 483 435 492 425 175 182 414
155 41 54 399 347 117 184 179 342 109
210 22 125 358 304 112 39 417 345 258
30 82 184 436 9 458 147 69 358 96
383 111 48 461 342 424 33 184 377 252
263 203 132 300 124 396 143 170 154 69
125 204 408 484 284 248 187 371 470 339
180 40 441 336 418 442 256 310 440 285
49 150 486 2 185 337 285 348 396 205
324 45 191 37 149 382 43 425 439 330
258 53 281 182 208 184 19 107 138 9
218 422 142 260 326 293 254 284 308 369
89 195 227 220 339 113 62 219 36 376
276 467 450 49 229 319 319 18 255 357
277 469 31 314 496 349 215 167 260 299
155 316 19 34 175 102 282 149 70 358
41 147 22 473 325 386 410 139 73 9
472 354 50 204 325 268 429 443 299 177
368 459 396 40 7 343 261 171 2 301
370 42 187 161 411 494 146 71 260 222
182 288 425 363 471 323 188 357 52 34
64 198 160 291 496 192 333 439 50 74
449 423 281 219 93 133 78 151 97 392
230 166 82 477 160 486 308 413 79 131
326 102 445 339 257 460 161 440 489 134
74 389 96 253 178 43 187 177 220 449
142 137 35 244 429 223 278 463 380 57
382 92 69 16 387 62 62 323 272 142
235 485 311 82 404 399 320 466 385 17
249 490 17 423 304 44 432 340 119 4
115 206 119 429 221 370 280 295 320 496
228 360 298 46 78 428 392 385 60 451
238 457 168 157 98 92 2 142 385 184
406 316 142 337 343 76 100 225 361 165
292 443 96 73 9 30 463 22 75 116
167 480 364 243 413 36 169 244 126 269
84 496 327 125 78 182 355 280 49 200
218 337 41 267 128 447 106 408 300 143
276 208 177 340 431 237 279 198 391 299
378 141 132 195 308 473 359 438 489 105
326 438 375 355 194 90 381 226 89 416
235 385 137 198 202 397 121 381 286 495
461 290 82 228 202 53 316 388 417 438
215 4 289 118 270 143 221 243 245 94
457 165 91 14 260 60 392 365 265 373
300 19 447 29 224 272 408 496 462 116
4 10 93 208 305 98 358 123 213 253
282 485 364 237 381 190 242 283 328 1
398 329 29 238 153 437 407 415 295 41
373 359 43 273 284 426 329 34 332 486
378 52 209 450 489 33 204 343 436 320
6 263 426 238 322 360 42 13 394 338
493 148 342 30 434 100 472 52 37 376
123 293 246 440 209 343 231 19 301 218
25 106 139 377 250 14 368 410 393 236
191 224 459 454 242 321 124 105 62 361
125 498 320 410 179 28 423 399 78 291
277 375 344 274 217 64 367 219 21 442
498 257 365 377 275 89 5 410 148 106
458 132 380 346 256 78 447 73 486 413
59 293 446 365 419 298 58 409 258 72
131 418 31 47 210 185 429 176 401 282
443 229 145 86 33 108 343 177 339 40
328 94 143 383 98 275 139 370 228 271
284 325 165 104 229 298 36 218 239 456
448 36 58 138 282 476 84 478 208 443
447 209 481 54 409 228 434 120 482 249
438 440 413 416 292 467 475 389 359 47
191 390 151 323 178 302 454 441 142 434
112 116 411 286 326 127 300 494 297 331
298 178 368 67 59 316 217 224 230 420
71 133 65 388 487 238 67 398 357 266
447 340 323 500 226 439 172 199 111 319
152 172 147 192 395 352 4 354 108 444
217 399 8 222 128 365 123 394 375 299
99 340 391 383 449 25 482 477 362 490
238 104 263 62 328 107 480 125 443 328
15 125 367 296 212 16 3 68 351 21
189 52 116 10 458 338 87 308 327 480
384 397 390 207 452 140 82 180 133 104
438 374 406 199 73 36 45 416 79 150
186 287 106 411 111 156 150 29 228 293
153 403 169 123 191 432 190 180 10 349
245 442 269 321 61 235 21 440 289 124
53 14 149 456 384 130 232 98 290 197
427 318 200 95 184 86 49 422 118 287
75 41 459 111 344 491 232 21 138 29
91 194 212 49 458 313 359 276 245 488
446 189 105 121 46 338 45 489 122 32
238 399 123 241 427 253 297 497 348 407
253 60 295 37 323 21 43 43 203 125
207 110 322 67 458 101 190 492 272 190
292 456 7 68 209 326 68 200 219 396
129 404 486 147 239 98 456 163 296 246
165 315 443 102 298 268 134 66 418 399
187 404 170 461 220 366 214 231 338 274
349 102 85 276 165 337 24 481 299 299
158 255 271 179 388 426 67 71 267 320
314 223 132 233 100 479 378 210 418 83
364 495 254 420 204 374 30 420 458 59
144 374 500 372 421 118 457 458 272 85
207 231 490 22 244 14 135 169 460 89
159 217 480 114 157 90 205 410 5 365
470 403 388 297 442 485 162 126 249 4
299 301 236 328 461 93 404 153 358 150
495 356 268 156 115 372 30 254 96 84
169 275 226 237 404 249 40 319 308 131
91 234 468 91 228 473 194 205 42 314
348 366 438 162 479 52 93 32 277 191
307 325 363 175 481 69 407 141 103 56
86 342 262 485 172 228 459 191 165 321
395 500 397 276 65 246 137 33 28 102
223 461 285 430 292 490 31 137 153 286
214 395 228 190 176 35 282 248 348 468
48 413 479 83 251 486 10 346 272 378
318 62 270 429 321 253 108 162 401 201
321 316 174 120 194 214 231 164 10 363
300 11 117 495 311 368 318 455 407 491
413 184 11 404 220 39 117 337 229 115
307 230 126 384 459 343 360 430 342 87
235 60 419 304 428 150 4 129 9 227
315 215 92 406 93 480 286 8 179 167
73 152 278 263 72 166 329 317 486 451
308 225 246 378 366 287 110 332 53 3
426 283 482 36 463 255 137 343 209 34
328 175 159 177 109 55 293 297 198 37
429 235 330 206 73 179 239 295 356 386
78 465 60 97 83 439 11 105 91 340
147 191 44 435 268 225 364 432 49 145
355 33 59 97 215 298 357 430 25 65
159 23 318 426 445 285 134 354 377 421
225 136 207 6 307 294 273 78 207 240
365 186 213 10 3 213 386 122 300 274
248 246 366 183 22 24 148 62 427 181
392 266 441 114 12 494 144 370 19 213
280 412 28 52 454 334 162 405 81 93
367 354 260 387 298 301 48 89 410 312
493 455 213 317 309 475 65 478 63 253
9 430 243 15 15 245 277 355 427 372
129 310 328 307 46 309 401 228 442 46
115 90 80 19 30 298 237 61 313 351
251 44 288 312 277 265 140 326 364 124
29 88 214 343 164 53 224 378 466 389
13 369 169 70 127 231 257 404 76 371
122 407 483 49 68 491 180 195 309 342
276 479 394 58 117 164 490 305 40 295
152 255 482 235 89 383 368 326 352 462
191 470 107 81 480 196 185 496 335 332
143 289 155 427 460 259 190 258 274 361
72 484 123 139 249 104 444 239 238 489
459 144 89 470 129 424 322 471 24 302
102 158 259 16 332 448 138 462 63 316
38 346 148 441 39 164 272 40 353 292
53 277 114 458 465 231 489 304 90 320
61 95 489 4 424 446 284 219 168 294
145 350 36 252 328 87 357 195 64 326
113 38 473 98 397 348 481 374 285 432
271 148 497 421 277 25 316 353 328 230
421 395 223 17 206 93 80 471 230 292
150 427 409 408 260 288 262 320 211 471
136 430 32 391 44 317 3 197 484 386
421 422 73 451 87 67 231 349 3 338
483 384 154 85 95 74 476 489 398 9
420 89 307 307 205 85 274 240 442 83
426 281 478 258 98 463 213 98 77 459
212 148 337 280 110 80 499 211 11 201
221 281 191 474 321 417 3 29 65 472
176 290 189 179 367 204 451 57 211 242
413 28 9 193 483 448 233 96 389 46
157 464 205 430 75 255 164 432 238 290
156 260 343 72 256 143 401 288 50 258
398 356 234 349 458 310 52 95 171 92
411 164 490 402 309 157 197 453 175 229
158 128 455 232 173 340 244 65 188 22
410 345 25 375 463 83 24 263 363 495
105 108 71 147 335 269 409 347 448 93
450 200 260 362 249 109 3 1 47 403
190 89 302 181 332 160 130 267 385 269
117 115 149 274 377 438 490 479 338 96
10 113 132 249 207 164 177 36 219 362
145 36 142 226 493 210 340 65 495 158
194 347 387 445 165 443 127 41 326 70
406 365 36 409 488 240 236 26 382 232
188 493 375 59 35 134 119 455 205 277
500 313 499 60 323 56 500 92 65 483
116 133 153 256 348 414 226 440 102 463
27 484 51 20 155 30 194 238 377 381
184 118 307 307 442 296 202 414 491 272
480 398 189 14 470 130 334 131 39 306
22 346 481 226 385 73 379 62 430 479
103 141 476 91 372 328 172 167 225 493
340 478 401 111 77 110 324 428 307 480
98 411 489 352 360 183 167 188 142 261
14 12 328 220 318 174 180 425 4 304
369 427 399 42 311 187 95 186 260 24
15 31 486 37 357 332 319 246 135 263
364 282 439 337 36 392 338 212 312 372
148 371 170 274 33 257 183 443 98 407
43 424 269 269 173 52 118 161 294 336
353 108 30 163 108 395 147 467 268 476
396 91 180 209 334 460 3 124 168 76
313 208 277 125 245 319 70 285 292 470
234 111 197 342 213 174 50 394 346 96
475 417 385 341 358 195 223 61 338 193
148 49 480 222 85 49 183 18 127 116
99 205 475 395 385 141 169 338 494 173
115 103 416 332 22 168 118 213 493 181
470 92 209 387 403 28 313 79 325 313
79 473 386 387 67 154 469 391 114 316
1 369 9 342 256 279 41 499 154 44
421 324 494 191 407 348 273 18 30 72
50 278 445 67 449 43 346 14 324 470
288 331 423 360 333 189 26 171 123 200
155 116 186 484 193 295 278 468 129 436
355 259 232 225 385 203 64 328 1 68
281 317 230 449 48 200 466 82 80 133
479 283 189 206 355 231 365 437 180 236
205 218 163 412 128 424 482 307 479 271
194 214 251 397 456 263 85 162 212 455
386 89 241 114 195 218 458 288 328 487
186 104 210 417 101 299 476 342 462 122
404 145 169 52 118 151 381 199 39 167
470 27 115 32 165 59 413 485 490 489
108 487 453 194 158 399 480 107 36 485
46 245 41 389 353 270 109 164 326 144
88 440 494 444 164 366 424 241 299 303
371 460 88 393 223 279 302 463 163 133
248 101 304 133 235 467 290 288 1 162
382 460 19 32 197 254 274 393 35 73
201 42 235 195 308 75 216 75 455 281
103 293 32 108 20 340 428 454 31 266
154 414 154 252 192 378 431 466 56 315
483 180 63 261 174 410 76 247 173 264
154 257 225 165 461 342 413 350 414 270
27 23 230 173 133 422 236 149 131 123
75 376 228 7 317 258 258 50 225 430
496 347 104 496 244 392 439 269 116 436
1 215 223 291 241 226 96 279 230 339
136 209 209 150 396 200 247 409 154 374
40 396 47 131 299 404 349 243 454 218
46 372 392 337 274 480 264 226 442 382
11 27 433 12 241 349 435 282 86 409
398 477 145 158 141 292 147 145 26 112
157 295 137 40 483 312 414 210 201 120
198 261 65 288 440 319 83 310 314 126
268 257 482 464 226 66 284 47 319 205
156 345 300 394 270 395 471 221 389 255
187 211 217 263 89 151 458 449 55 373
257 262 305 73 381 385 134 218 474 143
354 257 207 485 188 462 105 240 49 386
128 151 460 199 288 170 437 394 101 412
276 239 331 419 346 104 76 439 290 230
123 326 7 453 292 26 257 60 404 431
233 313 131 237 425 117 153 331 494 60
44 393 303 427 321 313 336 495 90 453
367 445 8 130 68 332 260 123 116 356
79 60 192 279 457 294 195 426 355 69
284 407 373 112 330 39 343 124 457 381
223 217 474 142 423 6 193 225 75 154
499 282 13 290 3 422 122 219 164 105
210 215 433 382 256 88 87 37 343 274
127 453 354 83 292 181 235 286 48 218
91 48 409 248 458 360 360 56 371 278
282 46 3 192 108 182 307 284 79 362
99 177 80 140 302 110 131 465 159 248
163 335 237 276 497 218 439 268 292 327
374 427 306 372 415 396 479 140 89 86
403 98 416 220 267 186 292 141 375 410
137 150 80 97 413 341 399 71 212 91
497 431 394 209 416 223 361 310 72 139
28 241 440 149 483 444 372 449 278 359
399 458 374 116 312 436 365 235 182 45
127 355 346 308 167 305 436 253 346 270
418 80 57 93 430 432 182 307 487 281
405 20 311 354 50 293 398 314 41 430
62 46 28 76 116 469 87 4 478 179
115 103 15 80 367 218 41 207 449 407
57 256 243 282 463 166 463 320 202 374
155 289 341 83 455 349 116 96 316 399
78 407 201 189 475 256 428 417 416 499
419 32 308 19 442 425 322 392 60 214
40 207 207 140 302 48 489 418 165 112
97 284 497 334 143 407 13 122 316 19
222 205 425 16 50 293 357 196 323 430
246 177 7 298 460 496 79 300 82 15
78 489 307 339 473 103 117 154 68 8
120 61 16 416 443 441 486 86 400 296
436 470 112 174 245 296 48 34 267 467
277 294 225 154 331 220 337 265 461 427
363 337 19 266 255 84 330 497 116 434
126 44 191 234 486 476 272 3 393 409
396 151 206 133 44 3 381 283 355 234
433 392 349 109 329 219 470 299 123 311
124 345 460 437 322 220 46 116 229 87
166 367 213 62 492 336 422 245 477 448
78 393 332 268 320 179 113 55 458 81
394 325 416 31 242 141 262 495 68 9
57 304 227 239 459 424 14 415 479 288
444 336 236 30 30 377 164 212 19 57
261 306 17 367 259 372 477 442 151 218
290 88 128 117 302 306 410 480 162 129
234 379 60 282 500 263 337 57 495 184
287 341 380 138 295 381 289 134 163 150
324 118 45 238 474 488 103 121 310 440
278 284 95 201 364 332 2 246 485 471
261 59 356 1 100 410 196 332 135 287
356 394 67 4 112 289 468 241 259 299
476 50 6 289 330 150 336 152 133 180
12 3 208 236 89 499 115 56 373 224
116 40 219 408 379 102 255 488 238 208
287 486 34 337 224 126 28 460 386 216
377 427 488 14 472 471 278 383 287 99
85 272 363 422 317 252 89 232 308 442
199 230 72 342 255 312 236 467 34 264
335 335 467 363 294 452 197 90 264 323
201 327 453 102 58 96 289 230 57 285
186 408 352 55 64 122 416 409 164 77
476 460 270 302 348 329 470 328 384 403
368 227 260 427 3 135 352 382 20 499
391 73 493 117 18 369 28 344 409 165
440 30 483 87 24 469 310 378 38 201
497 191 297 448 195 6 395 205 450 348
265 243 35 184 403 369 324 423 425 59
301 478 138 144 369 6 400 450 462 206
488 346 75 198 264 141 477 441 131 395
404 340 7 229 375 167 54 9 64 106
3 170 221 368 307 153 301 480 327 470
148 457 43 222 289 179 284 403 340 486
265 431 108 142 422 49 356 321 198 444
465 134 129 476 90 61 284 347 209 273
449 240 143 167 303 465 159 85 342 437
376 336 198 157 395 82 172 107 242 161
48 429 344 145 374 454 423 160 103 371
499 142 410 8 388 161 371 438 85 19
83 266 347 347 189 363 468 120 361 59
166 250 114 131 185 365 198 124 260 35
295 376 213 339 193 453 486 116 401 159
493 13 133 13 333 294 252 30 275 260
26 115 337 206 479 207 349 188 31 333
469 362 418 262 363 307 316 243 281 103
296 380 101 2 234 13 282 196 253 194
70 186 394 272 210 67 458 73 76 7
468 213 431 352 34 335 98 281 193 265
181 80 215 359 34 28 492 226 21 140
453 284 347 417 57 19 69 393 480 179
349 217 31 282 243 203 364 226 297 283
457 500 131 400 34 78 309 58 184 105
83 30 281 174 356 290 112 231 12 99
230 242 420 459 245 123 26 350 195 170
204 327 119 201 385 255 24 316 87 158
346 324 398 68 192 499 79 232 379 472
74 308 482 35 228 232 366 431 239 481
70 338 159 287 25 57 143 372 353 122
107 495 213 65 259 279 3 329 415 6
448 477 281 93 217 428 305 99 254 148
338 6 196 211 226 67 422 409 298 24
359 138 322 113 216 394 138 124 6 322
346 201 108 349 151 155 467 135 49 204
257 157 19 2 125 160 410 409 281 294
232 276 1 489 25 139 197 29 471 203
355 345 1 207 160 318 343 297 499 134
90 163 498 390 488 184 493 64 346 195
327 239 378 97 303 444 475 419 80 255
473 367 125 69 221 468 10 452 366 279
200 87 253 225 190 59 6 145 474 355
72 119 217 300 143 402 425 203 266 92
18 77 486 198 132 489 33 273 460 280
87 332 107 451 89 326 490 333 190 215
107 115 181 313 384 207 106 152 77 230
232 185 301 169 406 322 89 406 305 27
136 170 385 390 376 90 29 493 280 142
350 287 344 477 352 102 373 331 259 274
321 102 1 82 37 170 69 218 436 6
47 58 71 50 425 49 301 110 252 274
240 437 77 325 280 10 174 472 236 308
74 349 347 241 396 319 90 409 230 126
375 154 394 201 302 93 86 155 266 53
433 225 124 320 140 196 318 458 119 63
468 157 86 8 283 305 295 219 10 1
245 467 124 139 204 403 241 6 389 347
291 257 139 362 265 446 269 18 295 463
116 188 433 101 49 251 7 193 308 149
364 195 176 478 418 245 123 316 223 469
448 407 216 321 164 279 183 19 82 469
358 34 8 293 35 189 375 378 76 29
448 378 487 9 447 452 59 156 269 95
321 67 85 148 321 91 435 297 420 201
269 406 268 356 72 444 147 268 494 448
421 395 207 121 128 410 423 112 419 22
368 59 281 133 133 378 300 491 48 471
13 278 259 407 344 132 341 234 439 116
477 328 350 14 58 350 394 285 58 306
177 411 421 1 6 431 328 371 321 443
2 92 404 92 94 46 236 65 452 66
170 379 206 22 337 104 35 400 72 315
392 34 428 14 4 169 351 228 215 372
133 497 456 281 73 479 480 17 9 472
334 404 243 453 386 240 87 133 200 194
494 31 127 118 91 417 8 414 218 358
159 192 285 396 369 378 285 372 112 331
256 416 244 188 38 18 115 221 277 307
239 445 391 431 25 272 146 481 164 483
6 241 143 256 89 367 453 138 486 290
50 434 116 193 464 74 285 266 278 487
368 243 234 286 172 24 47 299 158 85
433 168 324 137 288 476 406 167 226 58
2 126 298 177 318 212 12 114 68 331
3 218 411 487 390 345 494 75 84 492
45 146 443 459 153 182 448 342 34 38
316 238 183 233 171 34 359 294 500 215
217 27 179 275 459 95 483 259 497 429
484 294 61 407 333 132 219 253 219 260
115 377 108 127 379 150 479 328 125 358
315 373 234 212 391 370 370 487 322 273
346 488 252 164 16 376 212 173 183 90
66 393 372 139 391 465 60 392 377 92
76 310 414 406 108 62 28 489 106 496
169 126 274 269 336 41 175 320 258 373
200 396 264 404 363 68 273 391 289 50
361 50 416 135 335 181 275 225 482 161
333 424 473 277 154 50 343 269 147 83
65 230 331 297 394 118 324 250 383 114
138 172 396 25 440 105 193 26 107 237
159 393 141 253 173 315 46 47 164 392
422 365 350 408 256 346 109 183 281 54
82 245 330 23 191 125 142 327 456 50
211 10 421 383 465 163 296 135 172 166
15 495 409 401 39 424 94 366 389 4
271 16 431 478 285 9 142 135 158 385
266 199 298 204 401 349 28 356 294 137
408 205 251 399 193 111 335 94 234 391
209 55 214 474 83 449 454 255 272 445
95 271 222 483 350 296 304 298 329 93
179 294 268 242 271 498 450 325 382 147
127 470 118 440 104 272 300 163 281 442
409 148 451 485 202 464 78 411 417 95
256 86 443 246 142 396 478 115 341 210
290 435 43 59 181 63 467 12 259 495
65 224 340 13 285 176 105 358 217 403
272 170 111 477 302 459 154 455 444 187
378 494 433 328 138 88 57 196 335 71
437 22 162 476 341 432 179 493 344 309
210 458 467 60 435 412 498 110 322 429
489 253 189 268 293 196 135 211 124 241
380 289 27 186 21 188 464 393 347 310
198 327 468 303 195 153 354 158 1 163
310 58 306 260 148 500 335 206 70 405
387 351 286 352 66 312 188 458 196 3
471 126 284 457 174 496 263 36 86 298
321 86 209 302 214 150 7 292 112 85
480 150 206 135 149 181 303 221 81 437
361 2 321 14 460 454 232 159 321 309
36 422 42 19 101 258 427 134 78 25
318 160 27 304 392 175 211 436 58 377
432 455 123 202 371 476 405 173 102 291
315 430 382 246 114 318 292 7 205 126
431 274 37 360 191 446 287 187 96 383
194 366 470 74 371 195 299 379 97 431
86 155 11 365 467 380 170 310 228 111
70 127 370 371 162 174 67 75 133 475
150 150 373 252 294 298 377 380 221 496
332 330 162 96 413 229 328 26 377 417
453 445 361 180 21 189 387 67 481 233
247 282 304 110 491 255 202 345 436 426
22 402 444 15 38 275 444 124 276 475
372 74 217 48 3 152 146 214 138 466
333 159 49 163 391 243 191 476 35 28
272 354 123 98 382 67 305 366 423 474
319 455 151 313 225 23 305 59 364 13
424 478 36 153 455 489 495 137 301 251
465 31 195 484 100 495 249 90 228 3
128 289 370 433 47 198 272 381 287 154
464 298 481 184 475 375 225 138 208 466
387 221 142 379 353 181 87 477 1 320
196 190 54 212 60 375 207 326 245 55
408 25 344 159 414 275 449 120 219 38
401 40 418 259 249 400 475 79 420 353
271 109 351 164 472 490 220 35 154 463
287 29 107 304 340 176 490 495 291 444
170 73 452 446 421 127 422 378 231 485
217 24 227 98 176 378 152 288 156 48
168 381 171 102 340 252 266 433 496 131
315 273 332 45 452 58 464 261 368 250
72 287 373 210 476 385 237 270 241 101
457 82 137 47 281 354 255 381 131 70
471 415 298 274 153 444 336 106 167 155
388 183 36 429 216 320 337 56 169 190
176 431 157 187 53 430 14 17 116 152
62 333 490 116 74 289 408 330 238 104
233 264 23 24 445 473 220 259 199 1
116 326 296 370 109 182 301 49 160 337
220 166 179 356 289 402 107 107 401 372
157 489 190 51 262 228 492 212 472 337
3 247 475 275 451 239 132 340 438 96
148 497 193 381 491 350 28 249 389 474
346 79 255 266 473 484 360 76 314 189
426 132 456 416 388 159 358 49 171 440
187 271 295 261 439 165 414 13 494 274
142 232 306 18 293 145 202 479 141 146
149 103 436 211 451 269 188 250 246 81
424 327 186 417 497 479 188 207 6 17
394 140 62 288 55 170 194 21 11 455
408 186 458 282 349 23 430 126 483 417
163 498 292 156 83 220 159 223 452 389
345 224 171 197 77 360 388 450 60 387
45 128 218 233 39 477 73 181 6 107
389 442 468 375 169 103 399 497 261 385
95 176 397 492 344 39 225 115 372 370
225 414 31 223 124 191 481 84 370 164
307 83 112 1 477 339 156 220 315 257
497 41 271 93 460 202 95 75 462 343
67 77 397 149 17 246 358 446 332 128
4 1 65 61 73 133 134 196 362 417
221 275 305 260 454 273 82 291 442 112
1 143 324 212 365 202 204 448 487 111
254 35 405 500 120 131 267 36 32 249
436 33 452 72 364 480 478 374 365 445
445 217 85 131 438 170 99 216 172 355
474 197 500 383 196 456 256 60 42 57
208 396 363 51 249 448 296 415 474 47
119 168 402 132 457 335 159 247 449 49
489 466 104 400 27 323 270 276 327 379
371 54 457 123 495 480 136 329 366 279
64 207 35 49 376 236 195 196 407 40
178 105 274 240 51 109 452 388 247 197
183 318 470 279 122 476 406 477 154 34
386 121 235 173 363 29 417 92 2 188
417 426 389 356 243 216 223 243 12 191
486 261 297 182 288 337 417 364 354 460
20 47 209 1 327 44 376 321 3 137
310 127 83 397 125 349 73 498 459 469
256 327 38 66 393 317 157 385 81 210
365 157 418 408 67 159 280 229 322 365
451 349 395 468 170 360 288 114 394 449
384 493 34 230 112 211 4 170 453 291
86 317 108 20 74 378 175 351 231 337
28 19 292 248 277 208 384 402 494 444
261 155 179 424 101 147 366 368 427 167
61 66 329 312 288 467 236 162 67 51
241 63 265 305 129 466 359 466 408 326
63 354 235 121 204 294 33 37 282 305
24 75 119 360 246 408 166 389 458 333
410 243 409 419 296 348 59 460 239 34
258 104 230 198 305 392 54 210 73 376
442 414 36 293 226 256 298 336 240 218
469 186 210 210 471 230 275 390 485 100
491 126 260 378 427 363 309 300 496 164
134 426 269 298 477 329 156 225 290 42
246 271 220 485 69 334 166 3 328 316
476 475 5 386 273 190 40 282 132 32
18 44 450 112 102 85 216 126 377 403
454 22 138 338 308 140 363 343 220 208
488 13 484 146 106 161 392 421 383 483
287 445 484 459 62 433 288 150 130 435
282 177 248 495 104 9 76 158 435 194
57 352 9 219 37 470 225 34 45 334
464 73 457 421 400 335 336 182 401 58
200 288 335 336 78 313 483 162 40 323
217 310 137 269 418 273 293 327 57 213
115 65 276 310 323 438 251 101 73 290
43 240 229 419 480 300 472 249 208 214
271 246 100 487 21 314 362 405 436 248
432 255 272 462 78 321 131 485 198 207
93 124 181 98 350 252 354 181 22 267
109 312 384 399 335 189 477 232 483 335
118 117 92 79 371 296 403 209 113 217
20 462 487 212 246 279 475 151 299 74
129 462 374 125 244 76 257 50 43 140
237 443 304 177 202 451 50 308 102 265
262 62 173 459 23 438 214 231 419 302
284 167 5 283 441 363 440 129 17 12
347 293 79 60 330 408 67 206 443 275
340 90 362 157 418 274 265 44 68 484
321 115 399 299 266 280 411 440 500 188
197 227 380 479 453 438 300 43 18 322
177 119 245 289 101 237 283 494 367 166
499 423 173 191 66 139 413 375 318 137
56 76 253 436 198 135 359 395 219 215
50 426 289 425 163 40 427 439 406 151
23 472 87 122 203 391 159 242 56 201
391 317 278 472 289 165 317 369 94 100
6 404 414 327 292 13 240 197 495 69
248 67 162 395 241 421 150 392 425 499
61 424 403 20 465 169 121 14 342 297
275 486 36 308 77 491 75 222 445 19
310 183 264 259 453 289 195 201 490 398
160 432 119 40 3 499 461 288 474 50
483 174 229 256 490 435 13 481 48 46
290 378 218 303 191 4 45 93 219 297
81 302 350 300 50 132 493 278 150 218
3 135 432 195 278 239 112 409 305 371
195 88 447 10 241 362 100 461 77 419
345 391 409 225 391 456 202 176 279 448
63 284 324 256 85 223 477 42 315 33
86 345 34 227 499 190 19 68 256 341
177 333 462 118 27 220 254 138 143 34
10 189 109 406 126 499 262 472 342 47
467 225 38 466 500 13 292 77 21 415
340 413 396 131 101 425 451 339 153 477
104 304 458 136 204 147 126 263 429 468
384 166 269 477 35 310 353 164 435 21
360 72 165 372 325 232 146 134 213 245
300 457 400 167 243 112 162 61 410 483
306 484 7 241 219 401 343 36 307 174
277 499 494 93 240 318 26 257 284 374
397 9 40 394 98 397 498 280 363 444
335 144 334 176 310 437 142 365 63 491
332 382 38 390 30 84 457 360 419 471
468 500 458 133 192 70 450 27 89 190
360 495 485 287 453 485 160 372 372 175
353 147 479 192 335 60 201 417 289 173
271 455 192 92 297 100 346 177 364 91
287 18 68 221 500 308 240 277 400 356
379 434 337 466 98 114 10 356 440 352
363 69 304 334 15 124 131 184 60 204
164 309 493 157 22 203 47 247 246 482
355 471 236 463 61 4 231 336 172 223
251 156 246 477 208 46 58 340 98 184
324 50 331 404 187 339 251 124 65 229
3 283 394 132 170 343 388 496 420 74
30 470 413 432 342 155 9 277 379 156
347 348 481 230 164 425 269 201 439 252
307 281 103 313 73 8 314 483 257 21
453 41 256 337 276 421 493 395 496 353
163 68 348 205 442 310 34 26 198 159
498 106 460 128 368 193 469 478 365 350
78 72 400 82 430 202 226 93 155 221
143 381 432 363 298 233 148 361 42 427
86 266 27 214 332 153 255 54 221 114
401 461 233 467 228 107 156 335 465 400
25 500 6 154 26 310 447 340 418 114
304 95 207 170 17 332 204 255 447 364
253 274 116 208 332 164 472 415 479 178
303 147 313 419 78 236 185 217 104 301
355 289 398 185 241 459 95 283 359 408
474 414 134 380 380 294 50 492 251 320
346 309 99 254 382 311 278 126 153 172
318 378 436 129 216 348 122 265 224 474
56 39 261 8 485 35 74 345 348 21
351 318 12 208 20 89 8 445 190 301
160 89 347 273 424 239 11 494 419 289
351 426 38 141 24 420 94 291 426 462
95 146 12 393 256 159 59 441 224 377
395 369 246 221 290 188 215 254 117 484
380 450 132 424 301 8 180 7 179 57
297 173 285 141 311 486 276 128 187 75
173 165 358 308 323 231 375 291 196 100
93 335 336 213 250 298 309 233 238 17
48 252 84 170 94 403 430 365 206 195
19 398 251 379 46 435 416 176 147 168
407 401 56 322 393 177 106 395 71 45
297 297 279 155 41 229 166 253 226 368
257 445 382 421 123 135 464 409 61 258
1 403 336 253 493 296 296 204 329 13
149 358 397 51 65 89 439 468 95 58
424 176 482 302 13 303 94 471 466 311
431 333 430 123 376 115 180 373 34 254
249 148 298 352 409 186 248 500 254 6
492 185 248 371 316 277 104 329 458 29
204 437 110 408 490 208 11 252 253 365
219 98 18 446 39 47 316 301 380 212
285 22 266 23 347 105 296 376 270 237
335 457 103 349 77 176 309 320 354 477
205 343 456 448 340 299 286 441 206 183
114 234 499 231 89 271 284 164 102 351
366 165 160 294 186 115 294 466 470 433
232 247 83 91 268 207 215 85 241 443
182 12 411 162 110 193 270 67 71 353
365 420 24 213 462 364 469 339 220 177
22 32 277 160 307 460 356 270 198 266
211 345 306 45 465 345 259 95 100 35
100 11 305 439 69 380 381 346 339 357
278 381 319 23 148 220 390 235 421 470
444 288 325 94 383 419 13 283 24 243
42 264 250 482 70 66 4 122 98 371
462 410 86 190 482 5 192 210 187 317
282 114 470 215 223 339 298 420 47 84
217 447 149 30 320 11 444 391 278 39
244 215 179 436 483 483 354 168 139 204
41 243 87 333 392 390 141 301 313 485
422 196 235 217 14 164 145 185 454 3
193 457 476 23 297 343 358 387 37 240
170 125 20 109 371 301 367 410 30 18
478 144 21 32 393 418 338 192 73 487
296 392 107 493 157 428 152 56 428 213
117 383 49 154 164 103 354 111 134 220
310 455 466 26 374 498 5 443 4 27
155 190 95 343 385 28 35 258 337 225
412 212 451 39 491 116 197 218 57 73
494 457 327 11 179 150 44 82 380 183
493 339 486 170 9 81 59 463 449 330
107 170 151 432 379 457 399 478 225 250
390 475 59 234 458 144 427 412 59 430
108 416 386 371 424 190 304 89 144 403
475 318 92 100 351 10 303 213 3 118
411 439 484 146 213 379 228 451 110 202
261 8 102 476 276 159 351 108 409 28
395 299 89 281 142 128 68 489 212 36
120 155 185 35 308 390 455 478 442 4
399 196 36 252 454 456 405 107 288 401
415 319 284 498 473 282 398 480 487 266
148 109 400 22 398 361 487 290 308 216
217 22 154 338 484 53 157 102 280 344
369 497 46 130 486 368 440 34 24 479
141 32 408 144 240 343 135 406 157 269
365 167 73 112 3 325 250 281 324 468
37 140 129 448 37 155 195 224 100 249
142 349 500 16 296 447 336 476 111 408
104 182 385 489 216 235 433 315 229 210
182 128 78 472 389 23 292 322 469 298
120 411 292 83 383 164 461 65 406 173
120 236 266 242 120 390 435 429 159 135
284 99 349 321 495 392 370 73 419 215
417 463 210 263 278 355 79 23 203 309
247 460 168 32 465 154 316 407 278 464
385 202 462 48 319 249 497 44 330 296
466 491 366 253 355 282 410 267 211 13
403 254 144 166 208 44 221 28 438 389
356 79 52 391 161 459 283 498 81 457
67 313 105 19 143 275 333 406 6 6
100 354 43 179 156 176 368 352 55 497
55 182 413 326 55 403 311 320 174 141
438 36 286 246 330 56 50 353 465 285
60 142 204 429 1 460 443 3 424 339
476 77 336 176 11 442 195 250 176 392
310 3 376 388 234 462 244 19 217 15
258 22 408 212 71 496 102 399 203 205
199 444 242 161 238 118 30 152 425 398
268 339 441 414 394 209 217 465 45 227
468 111 286 161 52 366 36 138 276 85
283 416 364 177 427 174 469 499 330 354
323 475 47 235 434 272 382 436 11 237
174 24 238 476 70 397 31 278 212 200
233 41 272 135 478 186 213 216 401 101
49 331 145 6 439 417 90 384 445 413
368 276 187 110 110 70 379 491 256 82
187 160 304 481 249 235 267 32 277 413
329 70 152 292 458 70 481 464 188 203
447 277 12 11 254 176 377 424 341 158
497 128 470 45 22 194 36 481 120 142
256 112 433 347 88 213 202 28 486 228
354 253 104 62 349 431 323 323 347 152
358 288 298 466 220 486 153 188 345 330
446 483 372 387 399 119 296 268 270 418
487 90 187 310 223 112 153 257 95 383
9 43 124 36 45 473 84 3 243 35
45 342 91 295 380 89 445 267 217 55
266 160 317 497 348 322 278 325 449 138
64 190 453 44 494 414 25 306 466 189
165 40 125 295 496 318 449 196 145 125
494 453 236 356 357 336 445 253 424 255
86 124 19 186 275 445 57 482 89 465
305 361 91 247 116 252 442 39 418 43
181 51 429 312 367 497 32 386 267 28
68 113 6 144 354 194 201 343 341 311
410 322 219 40 250 182 446 153 337 249
92 128 168 463 415 455 408 353 408 248
500 279 428 479 121 59 280 161 85 123
163 101 292 252 145 357 122 324 420 258
212 87 185 291 348 273 294 470 77 263
237 359 356 311 223 117 393 92 187 379
103 419 114 65 115 48 357 204 105 376
14 72 279 35 153 212 214 406 207 351
89 420 259 333 234 465 18 213 240 55
14 265 185 184 289 488 133 395 43 205
246 390 345 234 121 221 455 256 470 300
49 289 52 392 333 17 473 149 313 66
73 94 396 175 155 196 470 9 259 262
274 176 196 487 199 430 277 213 237 59
231 143 265 104 96 215 493 267 334 6
15 296 179 181 385 429 280 431 135 39
88 168 402 80 262 96 175 72 270 311
188 460 365 305 246 284 109 48 415 150
342 20 180 45 456 468 482 309 381 237
7 494 86 179 419 332 331 244 429 120
219 56 163 384 220 135 407 159 490 311
172 66 198 201 443 85 177 204 192 457
78 380 294 361 73 119 1 34 241 186
48 381 172 381 101 209 137 458 125 197
92 466 196 197 172 41 298 325 269 104
440 372 396 344 427 43 371 171 422 7
231 170 306 71 64 184 272 23 128 165
158 450 33 271 20 246 107 79 380 307
158 217 117 410 34 383 308 220 342 83
341 153 351 139 136 332 370 53 34 452
396 281 496 423 220 153 212 435 235 198
447 226 355 79 461 384 406 197 480 451
454 44 132 201 499 311 281 154 111 319
121 205 447 58 63 306 272 393 53 327
120 149 205 292 241 326 299 135 71 487
467 397 464 439 426 203 155 360 215 113
100 277 42 291 34 261 17 448 131 107
396 248 274 271 376 383 164 335 102 496
215 401 168 252 471 318 225 118 198 480
252 92 39 222 488 262 240 212 73 460
386 83 312 63 16 243 361 114 278 341
303 495 281 41 398 373 50 162 291 328
143 356 378 180 366 104 321 257 289 189
22 193 407 192 24 234 181 57 486 375
461 487 436 487 171 473 463 115 454 273
4 262 399 443 138 486 249 23 319 226
367 169 243 291 390 43 200 336 102 360
494 289 209 467 142 261 391 433 113 119
348 21 266 228 344 371 17 226 266 366
188 207 394 80 386 248 37 165 166 68
18 211 121 1 302 232 23 235 313 131
91 209 428 301 499 7 439 108 60 105
167 48 494 429 479 117 489 205 101 492
412 329 364 126 400 107 1 112 110 311
370 417 419 181 377 287 437 375 259 157
459 213 217 400 371 423 425 33 173 345
22 258 95 204 378 106 466 421 476 153
150 54 74 485 214 192 297 162 491 301
110 6 238 442 69 473 223 453 21 477
257 386 51 204 277 12 108 16 14 343
189 243 361 115 229 37 313 216 376 293
65 274 230 317 86 171 447 449 411 26
417 190 22 107 458 424 224 192 174 312
248 448 422 21 88 430 440 40 289 170
422 483 194 82 207 315 467 251 377 185
326 89 159 234 128 306 482 384 210 406
347 244 122 436 207 77 220 366 26 307
136 493 362 289 130 72 433 354 4 390
303 43 305 386 102 314 330 448 142 63
196 232 322 450 34 82 274 472 85 360
13 267 12 372 83 141 127 394 457 436
211 120 121 178 427 259 259 78 389 338
116 330 486 458 105 55 164 231 298 292
135 338 138 355 273 33 31 8 293 105
55 325 347 190 488 103 338 251 110 123
131 144 332 273 254 286 413 134 95 293
273 476 136 130 381 382 146 380 197 160
304 91 330 305 419 175 183 172 484 34
288 86 299 193 225 411 222 274 150 185
361 335 353 406 45 466 208 166 375 227
121 226 227 369 90 155 489 200 186 21
349 342 336 464 315 7 366 464 254 258
199 420 262 168 419 183 97 119 16 216
48 397 492 37 78 498 206 75 488 303
205 422 308 310 229 5 44 346 142 381
187 338 353 261 357 388 86 465 50 398
164 80 452 464 256 40 129 281 376 74
290 492 301 332 75 217 331 170 429 438
115 255 151 97 268 98 77 65 226 432
280 84 469 349 384 463 248 81 475 2
160 282 475 135 220 500 352 274 317 376
3 340 32 210 387 363 452 161 489 132
150 498 120 340 4 10 22 314 387 207
217 446 442 171 419 153 280 79 118 97
19 436 406 284 312 242 37 399 90 315
195 459 308 28 75 74 141 296 166 491
15 454 70 82 297 141 76 463 57 357
295 249 488 82 370 51 287 276 448 429
330 357 228 235 331 157 55 17 360 387
192 55 12 138 169 416 268 332 199 11
373 230 245 33 174 110 159 146 410 413
6 338 190 263 89 168 3 297 117 43
149 238 431 214 320 140 103 246 300 6
311 264 31 172 74 223 453 245 379 100
242 82 131 460 109 380 395 170 141 58
95 420 241 311 490 356 496 376 368 33
208 416 428 369 368 407 386 299 179 272
381 389 210 424 13 499 84 240 277 202
401 269 188 459 83 63 139 19 18 317
243 329 266 28 230 468 205 464 17 298
227 344 196 293 419 361 103 120 201 339
8 273 205 461 445 201 75 267 236 187
496 399 261 159 355 50 402 248 493 7
482 127 372 306 494 69 219 299 50 126
207 49 204 46 39 14 142 284 312 193
323 56 461 285 143 434 288 451 269 93
132 262 463 365 30 216 234 68 153 265
81 485 282 124 381 297 336 5 327 203
406 365 13 183 406 305 327 65 281 423
440 274 247 29 487 42 115 424 350 236
55 445 191 259 5 367 289 262 4 255
417 372 461 41 482 425 500 109 226 430
310 109 112 419 163 8 66 337 14 4
251 347 8 355 187 484 104 83 241 443
301 474 470 206 138 44 457 148 322 372
74 210 215 357 134 210 483 327 206 271
303 413 490 132 61 4 97 441 379 470
303 439 135 75 27 452 131 227 270 186
168 328 104 21 304 35 377 414 35 319
13 165 436 315 442 262 423 138 243 328
211 116 19 358 248 398 239 207 162 223
355 50 290 78 348 206 95 121 109 291
475 377 411 102 185 197 60 416 265 156
105 419 175 211 161 202 323 235 188 334
130 7 334 267 499 128 130 20 58 35
306 7 294 305 14 94 178 487 153 68
59 139 404 115 221 162 326 340 17 242
41 343 498 273 95 298 283 184 138 123
314 477 340 375 442 138 223 42 238 402
264 121 328 469 17 426 109 312 475 300
448 29 48 391 52 180 286 83 48 203
208 59 91 433 391 390 446 311 461 228
56 410 322 26 359 353 276 298 36 110
48 479 424 95 494 225 217 475 460 171
181 460 400 34 424 313 181 499 347 171
145 351 455 369 416 364 27 237 334 498
489 338 163 176 9 460 475 333 299 113
52 489 44 350 26 397 332 148 278 238
315 145 202 290 85 220 232 177 185 212
301 216 319 83 107 316 116 488 376 229
216 338 231 458 396 71 92 499 352 328
374 221 239 85 174 22 53 57 270 283
135 253 282 207 54 198 34 421 132 426
384 189 171 249 143 488 261 154 255 36
220 70 171 386 43 392 352 313 184 326
300 144 117 422 34 479 241 140 225 163
195 262 190 447 196 218 26 491 27 220
345 146 146 372 337 337 313 108 392 280
168 438 87 223 198 37 114 427 234 278
33 454 253 295 252 326 468 35 208 89
142 463 269 79 73 239 455 455 417 26
324 268 145 102 5 66 8 19 253 244
373 258 166 231 131 206 191 125 143 368
164 404 203 78 297 146 358 268 91 200
306 86 243 241 173 317 95 477 136 282
283 390 267 446 220 259 17 214 324 211
391 236 31 431 21 423 322 45 133 303
320 493 69 446 497 463 28 476 328 194
401 339 175 8 97 37 115 277 467 97
170 409 387 332 146 385 275 71 193 95
186 29 228 24 322 358 6 275 212 332
58 153 384 255 293 481 162 346 63 77
496 388 455 417 271 281 395 227 465 227
490 229 52 182 382 409 202 493 147 13
234 341 286 468 399 398 226 326 391 224
348 101 297 371 436 372 319 258 22 7
443 27 113 54 274 37 447 206 378 459
108 472 203 252 275 259 147 13 404 304
365 66 5 85 296 453 61 462 436 312
480 489 232 29 140 382 63 48 16 52
73 11 462 324 465 190 119 227 85 390
130 145 202 248 326 86 192 445 272 418
289 473 14 46 117 81 129 355 339 423
470 3 234 203 236 470 482 432 109 294
92 336 215 29 84 47 228 435 236 29
297 118 297 11 368 263 55 286 421 417
326 194 72 281 263 486 388 390 197 487
469 359 21 125 358 305 423 222 449 436
372 474 491 125 18 440 282 217 287 196
401 268 278 373 199 335 68 416 131 15
349 116 392 89 361 80 329 241 224 459
378 491 387 479 170 276 485 190 313 132
331 257 381 308 390 225 442 79 480 81
98 192 315 41 476 185 378 249 392 434
97 408 116 495 387 118 301 101 193 250
119 38 428 292 57 14 481 205 39 73
84 311 71 136 164 479 488 132 473 74
190 249 400 300 153 326 64 240 97 222
17 160 53 422 454 428 216 167 189 35
296 440 53 389 447 277 135 192 242 457
495 122 220 70 9 37 381 351 223 276
67 12 128 202 380 54 390 491 218 257
36 497 159 188 264 321 292 294 488 239
453 415 371 292 220 262 205 58 211 324
185 92 372 346 224 306 333 275 359 234
231 144 31 80 14 308 354 418 429 365
451 6 284 369 12 223 105 145 418 229
274 52 160 71 90 304 98 30 144 392
110 137 141 435 361 189 492 35 190 336
468 478 482 167 45 383 36 86 95 129
387 197 325 373 440 13 349 252 373 54
357 63 326 218 371 330 102 140 259 466
70 107 48 331 112 372 207 316 399 334
180 476 403 146 16 346 355 301 315 223
202 9 406 457 95 327 333 404 162 220
20 200 76 137 489 160 34 133 323 17
114 297 184 6 320 357 414 432 349 362
38 416 391 441 286 354 172 276 16 59
178 468 447 409 18 199 88 428 346 2
79 165 500 410 277 163 361 458 441 348
64 344 145 324 112 434 340 293 54 84
262 494 373 308 10 250 302 263 45 50
473 341 329 324 440 139 253 404 102 305
357 449 106 387 451 408 278 437 81 9
500 478 191 9 477 209 297 55 294 369
401 191 352 462 147 148 63 474 245 64
467 465 114 304 140 482 220 184 96 11
341 100 419 362 292 274 144 314 171 370
67 297 138 255 348 388 209 488 499 350
393 83 384 83 432 406 437 271 429 4
477 228 217 277 173 293 148 404 109 490
106 482 59 139 160 240 461 493 421 165
132 355 434 461 213 473 462 49 301 186
163 147 350 317 344 29 33 190 298 380
336 330 1 293 91 66 313 425 390 206
393 475 74 80 429 382 135 190 89 91
444 112 424 286 491 12 313 351 477 430
318 135 303 453 436 26 398 339 206 471
55 469 45 351 219 21 80 229 12 176
124 303 108 466 88 272 49 126 51 292
499 249 207 24 451 193 370 197 88 224
33 437 112 423 307 388 79 211 115 52
84 249 329 199 246 457 125 499 330 414
175 34 357 58 375 279 1 411 462 134
436 129 171 136 111 479 284 76 494 164
63 232 137 416 407 445 208 179 99 37
393 46 458 133 195 41 165 217 433 180
445 337 250 238 4 142 322 286 145 30
371 108 171 105 296 230 395 123 277 4
303 405 43 295 432 13 266 18 89 277
186 2 53 309 465 295 109 87 300 69
451 328 234 246 326 201 58 348 439 16
478 339 408 264 90 75 500 287 95 137
244 369 120 474 45 283 2 341 280 248
434 202 368 146 179 81 393 368 114 47
423 329 105 92 162 469 139 118 90 9
57 440 72 64 458 66 75 305 28 478
390 44 390 418 187 225 126 4 116 371
44 195 78 351 242 449 306 89 166 187
499 448 377 385 177 46 441 476 262 419
85 496 358 448 485 36 34 482 89 474
239 145 288 428 239 456 175 392 289 461
233 49 360 406 168 319 4 355 449 331
406 145 303 369 62 253 460 238 22 175
462 388 236 70 466 455 375 39 25 185
455 105 379 95 69 13 81 338 28 473
182 414 244 409 16 124 167 240 100 217
492 259 213 126 17 393 171 140 463 470
460 105 164 69 398 283 202 6 461 117
372 243 467 46 335 109 108 316 446 212
371 498 228 265 92 253 464 126 391 24
446 415 466 149 242 197 276 7 209 395
94 336 320 51 29 277 291 132 40 148
366 293 308 434 43 451 76 208 23 446
237 177 417 471 374 199 264 36 75 2
429 491 286 313 97 153 16 467 262 375
58 360 313 288 1 195 210 491 336 320
29 171 287 212 412 39 353 276 26 288
289 149 421 88 79 396 388 321 202 207
125 486 281 402 319 186 40 229 312 449
353 219 340 102 6 204 202 284 422 217
278 403 202 82 46 203 76 395 53 141
377 347 199 433 237 159 89 260 101 478
323 328 256 3 34 412 164 201 141 433
50 482 99 256 280 394 108 205 297 100
82 347 302 120 39 110 267 412 467 133
104 175 350 460 177 300 309 337 441 115
209 441 446 130 265 295 282 332 379 129
429 409 25 60 158 419 124 172 483 225
311 47 83 435 39 437 487 98 438 228
28 89 309 442 447 468 273 30 442 142
446 345 80 372 491 257 497 193 493 202
246 121 265 211 275 354 285 92 5 139
258 338 409 306 306 239 376 420 98 90
309 163 171 297 352 352 257 461 16 369
351 324 289 111 135 146 128 443 141 256
238 420 135 17 254 340 500 272 498 104
381 237 485 31 305 331 160 311 328 232
291 355 342 222 493 408 365 29 345 185
447 230 91 78 498 446 218 426 88 431
248 389 280 150 173 421 222 391 238 57
131 198 356 312 66 169 414 324 401 436
135 102 36 100 162 487 354 9 132 248
173 252 6 170 71 168 98 6 127 105
370 357 404 255 76 142 46 93 394 290
332 131 342 410 242 408 306 311 146 166
8 375 387 72 461 260 11 66 107 327
43 305 259 454 65 129 376 65 144 24
245 67 73 69 3 53 384 375 381 129
281 256 243 219 421 49 71 436 242 313
199 365 162 379 448 496 129 402 2 350
335 190 162 386 360 180 45 305 107 119
384 314 98 38 208 235 219 116 97 300
439 176 467 414 178 368 500 329 249 123
297 161 150 272 449 127 475 80 71 350
220 378 389 431 154 450 309 372 185 132
70 151 360 390 213 457 397 262 3 36
273 108 394 455 473 23 304 244 454 331
278 414 382 25 406 36 430 425 119 150
64 60 321 175 367 271 250 492 413 188
160 378 349 256 190 231 151 19 352 167
259 70 188 97 242 359 98 129 292 472
343 58 491 298 464 181 111 233 443 263
412 407 391 212 253 218 230 251 500 138
178 60 222 434 460 394 270 401 421 104
176 441 63 252 97 84 374 234 31 393
103 188 307 136 14 406 285 463 269 127
51 405 411 137 167 19 409 28 188 304
1 383 225 318 256 388 9 398 53 421
3 166 41 162 477 240 290 156 467 226
170 384 61 180 375 43 108 213 5 378
37 276 292 372 421 295 430 418 282 57
295 130 72 63 414 201 208 157 85 386
265 138 4 171 444 334 348 293 187 33
377 449 477 300 11 425 118 475 371 51
244 201 233 23 488 455 327 448 266 11
217 45 115 273 435 107 448 173 293 490
168 255 434 255 402 431 427 240 128 349
263 442 251 397 403 27 380 490 261 165
200 158 287 73 82 370 462 227 27 137
131 401 106 69 38 64 271 430 91 39
230 410 199 193 258 439 353 365 416 402
500 197 26 426 475 396 214 123 454 471
30 163 74 486 174 340 53 447 302 402
345 314 84 427 211 249 427 30 99 335
96 318 121 403 392 210 92 366 426 417
297 31 159 371 335 425 321 275 24 366
495 160 278 350 491 438 170 65 332 393
463 352 402 266 76 186 107 89 81 17
79 241 5 183 132 169 124 316 319 125
270 295 380 166 160 470 85 111 167 455
3 10 417 142 292 228 366 405 424 176
188 242 318 461 309 29 65 262 34 168
76 474 161 208 175 378 79 126 429 403
449 185 257 434 492 78 464 147 231 55
68 242 210 101 180 292 312 475 436 198
245 397 151 222 472 235 433 287 22 221
132 203 270 452 75 232 67 474 251 462
32 49 387 99 342 270 401 252 223 109
285 102 457 289 328 186 273 282 371 239
484 300 305 117 109 10 471 369 432 273
321 45 191 2 311 114 161 490 318 431
230 494 195 426 220 280 453 234 435 463
319 311 138 67 71 319 302 10 307 385
333 126 90 495 291 17 170 494 12 33
355 86 432 314 42 304 222 437 26 204
128 352 293 219 93 327 254 481 473 333
354 38 497 274 224 109 109 230 388 498
154 362 340 120 62 395 426 294 134 296
276 169 14 443 335 374 344 326 103 153
121 287 50 112 391 486 474 258 445 411
72 29 343 161 166 434 331 464 261 409
314 158 90 399 488 217 110 196 110 107
350 181 301 405 488 57 347 409 22 231
53 136 431 13 405 141 256 311 124 48
110 357 324 193 423 427 277 399 62 419
334 301 89 386 361 263 53 371 87 126
369 331 63 456 114 273 211 7 139 448
341 4 105 353 318 369 272 22 384 486
139 166 454 381 420 419 359 309 176 303
466 13 59 405 418 262 432 99 295 105
219 231 263 284 369 146 325 386 245 437
165 271 60 303 303 335 402 151 192 61
283 167 462 60 294 445 454 376 138 283
359 86 293 141 366 161 395 89 134 229
69 425 375 20 173 425 440 444 454 279
93 36 159 176 282 15 471 277 75 444
492 1 463 386 83 416 191 160 46 29
100 464 109 300 104 374 442 167 323 19
232 275 282 64 460 135 93 376 378 124
254 208 321 73 229 85 282 29 214 204
475 379 165 325 197 464 55 434 360 127
344 276 46 197 84 95 293 423 161 184
411 172 126 316 392 100 129 375 195 79
275 206 451 334 15 272 368 264 149 124
393 82 273 25 442 340 412 140 15 386
261 243 131 87 367 220 308 348 79 312
366 50 270 486 478 99 34 22 338 266
341 216 434 340 120 263 249 436 131 36
284 249 237 28 429 368 281 37 181 148
257 170 441 55 380 450 495 352 496 374
67 238 231 385 237 224 29 280 316 457
409 292 120 40 210 90 26 407 157 202
286 437 67 47 60 447 301 439 146 347
444 462 348 182 36 150 341 357 153 237
249 382 272 353 196 18 477 242 2 115
475 48 236 282 477 250 62 220 270 95
242 4 445 493 178 168 76 494 159 231
373 233 253 307 243 409 152 57 23 110
171 398 240 458 333 435 378 199 381 63
454 127 9 403 73 332 27 174 380 466
402 290 26 396 157 385 277 175 140 130
466 50 132 313 134 222 282 384 409 47
398 380 465 383 329 101 493 113 272 499
394 346 464 439 91 500 136 150 400 309
446 295 27 498 180 322 415 407 214 270
499 486 408 151 110 37 284 197 30 83
360 186 121 306 14 430 68 87 157 227
298 441 364 45 107 334 234 235 330 206
478 60 12 200 85 402 436 477 345 43
422 499 196 487 129 186 335 476 337 216
411 23 294 403 250 18 434 26 237 433
206 144 255 26 109 487 282 418 57 304
21 188 302 161 25 360 463 345 394 483
250 334 56 92 235 275 42 442 120 217
289 219 381 101 289 361 301 350 64 189
5 243 260 119 15 484 313 39 478 336
135 5 418 246 488 209 248 468 438 