15 16 25 6 36 51 14 34 56 73 9 30 43 72 90
8 35 49 64
88 111 16 34 51
65 90 116 135 9 35
47 63 84 105 125 143 17
33 47 70 87 105 123 153 177 12 34 50 77 86 117 134 155 173 192
15 23 45 65 88 113 123 146 165
189 206 10 33 43 66 96 114 134 156
164 193 213 223 12 26 57 66 94 101 121
146 163 190 214 231 255 5 36 44 78 86 106
121 153 174 194 217 229 251 277 13 22 45 72 85
118 137 150 164 197 210 221 252 274 289
12 37 56 63
98 110 130 146 162 189 206 225 244 275
297 309 7 31 52
61 81 107 135 154 170 186 218 236 247
273 290 304 335 2 33
56 63 81 102 129 155 169 181 215 238
242 271 298 310 327 348 15
35 54 62 90 115 122 155 166 185 205
229 254 262 281 309 327 343 362 11 36 55 61 88 105 137 150 163 192
212 232 249 261 286 317 327 343 364 382
1 35 44 68 83 109 135 147 174
195 216 231 242 276 298 316 338 350 373
386 411 5 33 45 69 85 108 132 157
162 185 212 222 250 265 294 314 332 348
364 398 402 426 15 36 57 68 95 108 138
145 175 190 207 234 258 271 297 317 338
344 368 397 404 425 450 8 27 54 62 88 103
134 145 171 185 201 237 246 265 297 317
334 345 374 387 412 438 449 478 15 26 48 61 93
116 125 142 169 189 208 229 256 270 296
317 327 347 372 398 407 436 447 477 498
16 31 56 78
92 111 121 156 174 196 209 229 246 272
296 315 332 356 377 391 418 433 443 475
482 503 1 21 53
77 82 115 132 148 167 197 202 228 252
267 295 317 330 356 378 390 407 429 452
467 485 513 537 18 22
46 71 83 108 130 154 169 183 208 222
247 267 283 318 330 342 376 395 410 431
453 475 482 508 531 542 12
22 45 78 81 116 125 146 163 189 201
231 256 275 294 317 331 355 375 390 405
425 449 464 494 508 523 548 570 13 22 56 65 98 107 135 153 166 195
218 221 242 264 292 315 330 344 363 383
415 425 454 475 491 502 530 556 575 598
17 34 41 72 82 102 127 154 167
192 202 237 248 267 282 314 321 347 374
384 411 421 444 476 498 501 538 555 571
593 609 15 31 58 73 94 101 132 157
173 187 214 235 244 262 286 315 331 356
371 389 418 427 447 476 489 513 526 546
578 594 616 636 8 38 48 62 84 114 134
156 169 192 202 232 243 273 291 318 337
347 361 383 411 427 453 462 493 510 528
556 573 591 618 637 645 4 25 49 74 95 106
137 146 161 189 214 234 258 277 294 306
331 358 365 393 404 437 452 471 497 512
528 542 573 596 603 635 652 674 8 21 46 61 92
117 132 148 173 195 213 228 253 276 289
317 326 357 370 384 415 436 442 476 482
516 538 544 573 589 611 628 656 678 689
12 25 54 72
91 118 121 152 167 184 205 232 254 275
285 306 322 344 369 385 408 433 447 476
483 505 535 541 564 594 613 637 646 665
698 702 18 21 42
78 83 107 137 150 172 196 210 235 251
267 291 307 325 356 365 390 418 424 450
475 489 503 523 550 564 584 613 626 655
670 692 705 725 7 25
43 64 88 108 126 149 173 193 203 230
251 269 281 316 335 354 365 385 414 425
456 467 492 508 531 542 561 581 615 624
644 676 690 703 721 741 18
28 43 74 82 104 132 144 162 198 204
237 241 273 288 307 321 344 375 389 416
425 457 474 486 516 522 544 564 583 610
626 643 665 692 718 722 750 777 17 22 57 65 90 116 132 150 169 190
209 221 254 274 284 304 334 358 369 398
406 423 456 478 487 502 525 554 569 590
613 633 651 678 697 714 723 745 774 784
5 33 45 65 88 106 126 152 162
187 203 234 246 269 294 315 330 356 376
381 407 431 443 475 481 515 533 550 572
592 612 637 652 665 686 714 729 745 762
790 813 16 31 50 68 95 115 131 142
166 198 207 228 257 269 291 312 335 356
378 396 411 423 452 478 495 517 527 557
574 594 617 622 653 675 688 712 735 751
761 797 816 822 6 36 56 76 88 118 128
146 171 188 211 226 257 268 297 315 322
348 371 394 412 428 442 463 497 516 532
558 568 586 615 635 647 671 683 711 734
744 762 797 803 831 844 13 25 49 62 95 118
138 143 163 193 214 232 253 274 291 316
326 351 366 381 403 436 449 461 493 509
536 552 574 587 613 623 648 674 689 715
731 749 763 793 813 833 849 874 1 28 55 67 89
105 127 142 164 187 213 227 251 265 298
318 337 349 361 386 407 437 453 473 490
510 534 546 574 583 610 624 654 675 688
712 725 756 777 789 814 830 843 864 889
15 33 54 72
86 106 131 152 178 184 206 235 254 270
290 309 329 353 375 392 415 431 445 466
492 502 526 543 565 586 616 623 643 668
696 708 738 743 761 795 802 833 853 865
891 913 16 28 56
78 89 115 133 145 161 184 209 233 241
271 287 308 321 353 365 385 418 428 456
469 498 509 528 553 568 584 611 621 642
668 687 710 729 755 762 797 802 824 849
870 898 915 933 12 22
49 77 85 107 130 142 175 188 210 226
243 274 289 312 330 357 376 388 410 434
450 471 489 503 528 544 570 587 606 626
655 663 688 712 725 753 763 795 816 837
852 871 890 905 928 941 13
38 53 77 87 108 134 147 173 184 211
237 242 261 284 311 332 344 378 389 405
434 448 471 497 504 535 551 576 596 607
623 657 671 695 714 729 744 775 782 813
831 847 861 898 913 934 949 976 1 36 58 63 95 113 137 142 176 195
203 231 247 263 287 307 327 342 364 396
414 434 449 473 485 511 525 556 564 598
616 626 651 671 682 716 734 741 761 789
816 822 842 870 890 916 924 954 972 985
13 22 48 74 92 101 128 152 166
185 208 226 250 262 294 301 322 350 367
385 411 425 451 475 495 502 529 541 574
584 605 634 643 677 685 718 725 745 774
793 802 827 847 873 882 902 932 944 961
994 1007 11 25 49 69 83 118 128 143
167 185 208 222 254 274 288 301 329 352
361 394 405 437 451 465 497 508 533 542
575 597 613 623 653 666 695 703 724 750
772 797 809 833 842 862 897 906 925 947
973 988 1003 1022 14 31 58 73 82 101 121
154 174 185 217 222 258 275 287 314 330
348 362 387 406 428 451 472 487 518 533
556 564 587 615 621 658 667 691 705 726
753 774 797 808 823 841 865 884 903 934
951 973 983 1014 1027 1054 14 21 56 62 86 107
123 149 161 194 208 229 252 267 296 306
324 354 375 385 416 428 457 465 493 515
537 543 570 590 602 632 655 661 687 717
722 750 765 783 804 830 842 876 888 917
929 955 975 983 1008 1030 1044 1069 5 22 42 64 89
106 131 149 177 196 211 235 243 272 298
305 336 355 378 392 406 434 446 466 495
509 533 551 571 596 604 633 645 678 682
717 730 752 767 783 813 823 847 862 888
901 933 946 972 997 1001 1031 1054 1068 1090
6 36 45 69
85 103 135 154 174 194 209 234 256 278
286 307 338 349 372 388 418 427 441 461
481 504 530 548 566 590 618 622 641 668
697 718 738 742 765 782 803 822 844 864
883 906 933 944 971 998 1010 1028 1048 1069
1085 1102 16 34 42
69 85 106 131 152 175 185 212 223 254
270 284 318 336 355 369 391 405 423 450
471 485 509 527 555 565 587 611 627 651
675 687 718 732 758 776 789 810 822 856
872 893 907 926 954 972 995 1006 1033 1058
1078 1081 1106 1130 17 26
49 77 88 110 122 146 176 192 209 222
248 276 291 316 334 350 375 384 408 425
441 478 495 501 532 547 564 595 614 622
650 670 691 705 725 751 765 790 805 821
858 861 887 914 930 942 971 986 1006 1023
1044 1063 1095 1109 1126 1141 7
25 42 64 94 111 123 153 168 184 201
231 250 277 292 304 328 356 367 381 416
435 449 474 485 501 521 548 562 582 606
627 657 669 686 712 732 757 763 790 804
827 856 870 894 908 936 953 970 986 1004
1023 1052 1071 1088 1113 1127 1154 1172 18 31 56 78 97 101 128 143 161 190
216 226 242 268 284 311 330 346 378 392
402 426 454 478 488 511 522 558 566 593
612 626 644 675 686 717 732 755 776 784
812 838 850 875 896 908 935 957 962 998
1014 1027 1048 1063 1095 1111 1135 1152 1162 1186
11 34 50 61 83 113 138 157 176
181 215 234 252 275 291 315 329 352 366
389 410 436 450 465 495 505 533 545 563
582 604 634 646 669 690 715 729 747 775
783 812 831 854 876 894 910 931 955 961
983 1013 1023 1053 1072 1082 1109 1132 1154 1166
1194 1217 9 38 49 64 81 108 130 157
161 195 213 237 241 277 294 308 333 348
362 387 418 438 450 467 498 509 523 551
567 589 606 636 650 669 692 715 721 741
776 782 817 833 850 861 886 909 936 950
972 983 1012 1021 1042 1064 1092 1115 1125 1145
1163 1194 1207 1230 7 28 50 64 95 102 122
152 177 196 210 224 249 277 296 313 331
353 370 381 409 426 443 475 495 507 522
551 571 581 617 622 656 664 687 703 728
756 770 791 805 825 854 867 895 915 928
942 978 992 1001 1025 1041 1075 1093 1111 1135
1150 1169 1188 1210 1225 1255 11 23 55 77 97 117
125 156 177 185 209 222 255 268 297 318
336 343 367 381 414 421 458 468 497 510
538 544 575 586 613 627 641 671 689 708
722 752 777 782 804 838 855 877 889 903
928 948 978 991 1005 1031 1047 1071 1086 1117
1138 1149 1165 1181 1217 1223 1256 1271 6 25 41 65 92
103 127 153 169 187 213 221 245 269 295
301 327 343 368 388 406 427 456 461 486
511 521 550 571 590 605 626 641 661 697
703 730 741 765 797 802 829 841 873 896
905 922 951 975 982 1007 1038 1048 1063 1090
1107 1124 1149 1173 1195 1201 1236 1255 1273 1290
4 35 48 63
90 114 131 157 177 197 209 221 241 262
287 312 338 357 363 387 408 435 445 462
488 518 521 546 567 588 614 636 653 661
690 712 728 745 772 790 812 837 849 876
883 913 938 949 977 986 1007 1035 1042 1063
1091 1105 1135 1141 1161 1181 1204 1221 1254 1263
1298 1302 10 29 49
74 86 118 137 141 164 195 208 223 254
265 285 310 326 342 363 397 401 425 442
462 483 512 534 545 571 595 609 631 641
669 685 701 737 752 765 784 814 835 848
878 894 913 925 942 963 991 1010 1035 1042
1076 1090 1112 1137 1151 1167 1190 1210 1235 1249
1278 1281 1314 1337 2 22
52 75 97 108 128 141 161 193 212 229
244 268 290 306 321 347 375 395 404 434
457 462 490 514 530 547 571 583 617 629
651 666 698 701 721 752 776 797 817 828
841 874 898 908 928 957 969 997 1015 1033
1058 1068 1085 1104 1122 1152 1172 1185 1212 1236
1254 1269 1287 1311 1321 1358 14
30 58 75 88 104 127 143 172 182 217
235 249 269 290 311 338 350 371 382 414
428 454 468 486 513 522 549 565 588 610
625 658 678 698 718 721 748 762 786 809
829 844 875 886 904 928 941 975 983 1001
1035 1052 1071 1089 1104 1129 1152 1169 1191 1217
1230 1251 1275 1284 1302 1326 1346 1374 4 38 54 72 85 106 128 150 168 193
215 227 246 266 291 313 337 353 377 390
405 428 454 465 495 516 536 545 562 590
605 631 643 672 688 705 732 749 763 783
805 833 847 871 886 914 936 949 966 991
1018 1028 1051 1065 1093 1104 1134 1151 1162 1195
1205 1223 1249 1268 1292 1310 1336 1358 1375 1386
8 33 45 73 89 116 121 151 170
191 203 221 255 273 283 314 324 345 376
388 403 431 455 462 491 517 537 548 567
594 605 633 642 665 683 712 733 741 776
781 807 837 857 876 898 918 930 956 973
994 1005 1036 1050 1071 1087 1108 1124 1141 1173
1193 1216 1222 1255 1269 1285 1313 1326 1341 1372
1382 1415 17 25 45 68 96 110 122 144
166 184 205 237 249 264 281 303 329 349
366 381 414 422 447 463 495 515 522 547
563 586 607 636 654 665 689 714 736 758
767 788 809 827 850 866 896 911 925 955
969 992 1001 1021 1049 1078 1090 1109 1133 1154
1172 1190 1203 1235 1249 1276 1289 1303 1332 1350
1361 1384 1412 1433 7 22 54 72 96 117 127
144 161 193 205 237 253 276 297 305 338
344 371 385 410 438 444 478 483 501 536
553 569 592 603 622 651 676 695 714 737
750 777 784 814 821 857 875 898 904 934
950 961 992 1018 1022 1051 1073 1089 1118 1135
1146 1162 1192 1212 1234 1253 1274 1296 1317 1322
1350 1377 1382 1402 1423 1447 16 38 55 78 92 111
128 158 164 185 215 238 251 261 297 317
327 352 364 384 404 425 458 462 493 517
537 556 562 592 617 635 650 673 681 702
723 752 768 782 801 835 852 873 894 917
930 943 966 988 1007 1035 1045 1068 1081 1118
1133 1154 1174 1185 1202 1224 1258 1270 1281 1311
1337 1352 1377 1391 1406 1434 1445 1462 15 29 46 64 89
102 134 142 162 192 211 232 244 274 284
317 336 341 369 381 414 431 444 463 485
506 535 551 570 595 618 624 642 676 689
703 723 744 764 798 802 823 858 864 882
908 934 941 968 996 1008 1036 1051 1071 1097
1104 1138 1153 1173 1188 1203 1223 1242 1265 1288
1312 1325 1343 1377 1395 1407 1430 1449 1472 1498
1 32 56 75
86 102 131 144 162 184 208 225 245 271
283 314 333 354 363 388 408 437 444 463
484 507 525 553 569 594 618 629 644 665
693 712 734 758 778 785 811 830 852 871
894 916 933 943 963 991 1003 1021 1057 1075
1094 1115 1122 1147 1177 1194 1218 1230 1254 1263
1283 1313 1324 1353 1369 1381 1411 1434 1451 1470
1483 1502 2 28 49
71 84 101 121 156 171 195 217 223 250
272 294 306 335 348 368 389 406 429 451
469 498 511 527 541 578 597 602 635 645
677 697 716 726 743 772 797 803 829 844
877 890 904 929 947 969 995 1018 1024 1042
1065 1089 1108 1123 1143 1172 1194 1211 1232 1255
1264 1292 1307 1327 1358 1373 1393 1403 1427 1458
1474 1493 1516 1526 2 38
53 77 97 110 136 142 165 196 207 228
249 265 298 312 329 350 376 388 406 435
455 471 486 516 535 543 570 591 613 627
644 663 694 716 722 752 777 791 804 824
851 866 892 915 938 949 970 996 1007 1026
1058 1068 1091 1111 1126 1145 1169 1188 1208 1234
1243 1278 1292 1313 1324 1341 1374 1395 1407 1431
1446 1470 1484 1501 1537 1556 2
30 47 67 94 118 133 153 167 195 207
227 249 278 294 302 322 352 371 387 402
424 447 468 495 513 538 553 568 584 609
629 655 665 693 707 723 750 764 794 818
830 847 861 894 918 932 952 961 996 1002
1024 1054 1078 1085 1104 1136 1144 1173 1190 1203
1238 1256 1263 1282 1301 1332 1346 1364 1394 1413
1436 1456 1469 1495 1509 1529 1555 1578 17 38 49 65 95 108 123 158 170 198
213 230 256 275 290 303 324 349 371 385
406 437 448 476 483 507 536 556 571 594
602 622 649 662 681 713 736 744 763 792
804 827 856 866 891 901 933 954 972 990
1007 1031 1041 1063 1097 1104 1132 1156 1163 1184
1207 1223 1254 1266 1288 1313 1333 1356 1367 1396
1408 1424 1445 1476 1490 1513 1538 1545 1565 1590
16 30 45 62 83 117 131 141 173
186 209 221 258 266 286 311 338 351 371
391 406 432 445 466 494 508 530 542 575
591 609 623 649 676 685 714 727 746 775
790 818 834 857 877 888 901 930 953 978
989 1014 1035 1043 1065 1087 1111 1133 1150 1171
1189 1207 1226 1249 1272 1297 1317 1328 1351 1361
1384 1404 1428 1443 1463 1493 1518 1529 1549 1566
1587 1605 10 33 46 66 90 118 132 149
174 193 208 236 256 274 281 306 337 358
374 386 409 425 455 464 493 507 530 544
563 582 613 630 645 672 681 715 727 755
777 785 811 822 842 863 882 911 935 948
969 996 1015 1034 1042 1065 1097 1103 1131 1152
1167 1183 1207 1229 1246 1263 1282 1305 1326 1349
1361 1382 1416 1436 1454 1462 1494 1512 1537 1541
1563 1585 1617 1634 14 38 52 67 91 110 133
155 164 187 210 237 256 274 283 305 337
345 362 383 410 422 450 470 492 506 534
555 564 588 612 628 653 669 697 706 734
744 776 782 808 822 856 873 887 902 930
950 968 983 1014 1022 1049 1078 1094 1116 1128
1153 1161 1184 1207 1230 1241 1270 1286 1306 1322
1355 1361 1388 1403 1436 1447 1463 1493 1517 1532
1546 1573 1585 1615 1625 1644 11 35 41 67 89 105
122 158 176 194 214 225 250 270 298 303
329 348 364 386 417 433 448 464 483 507
522 556 562 584 616 638 650 671 683 715
723 757 762 783 814 829 848 870 893 914
923 949 963 985 1008 1026 1057 1070 1098 1113
1121 1145 1164 1188 1206 1222 1254 1270 1298 1310
1330 1346 1366 1382 1415 1423 1452 1464 1483 1515
1528 1558 1564 1598 1612 1633 1650 1678 18 33 46 63 95
113 130 157 163 193 210 232 245 270 282
304 338 348 373 390 402 437 458 464 485
513 524 544 575 590 609 637 650 664 687
713 726 754 764 793 811 824 843 873 884
901 935 947 963 992 1011 1023 1054 1073 1083
1105 1123 1152 1165 1185 1205 1238 1256 1273 1286
1316 1327 1344 1369 1385 1415 1436 1454 1467 1488
1508 1532 1557 1571 1594 1601 1630 1656 1676 1697
16 23 44 75
97 111 122 152 176 184 214 225 255 277
288 316 322 349 363 393 403 436 445 474
489 511 525 554 574 585 611 627 643 675
682 712 734 757 765 783 812 824 845 873
897 907 922 957 962 985 1003 1030 1058 1074
1094 1115 1134 1149 1176 1194 1211 1225 1254 1262
1283 1310 1328 1345 1363 1381 1408 1430 1448 1466
1483 1511 1533 1549 1570 1587 1603 1632 1650 1662
1688 1715 14 31 45
66 98 103 133 148 170 190 217 238 253
265 282 310 326 356 372 387 412 430 456
469 483 505 525 542 576 589 601 636 646
668 698 706 728 756 777 786 813 827 841
873 885 907 931 949 968 993 1017 1025 1055
1071 1087 1113 1138 1153 1163 1192 1208 1236 1245
1277 1281 1313 1323 1357 1365 1393 1411 1435 1458
1469 1489 1504 1535 1545 1567 1582 1608 1622 1655
1669 1682 1713 1723 18 28
43 78 86 110 122 148 162 183 213 233
255 271 281 301 326 355 377 392 402 429
449 472 481 504 536 545 574 592 606 623
641 672 689 713 726 758 762 793 805 837
857 873 897 913 933 944 975 992 1013 1023
1058 1064 1093 1108 1138 1158 1171 1196 1201 1224
1245 1273 1290 1303 1338 1357 1378 1398 1410 1427
1443 1473 1485 1518 1534 1558 1567 1596 1610 1624
1655 1675 1692 1715 1732 1747 14
27 44 61 98 116 130 144 177 188 207
225 247 276 293 304 332 342 367 397 401
433 455 471 490 510 522 546 575 595 609
638 653 669 691 714 734 750 762 787 818
822 858 865 897 901 930 942 978 994 1003
1026 1041 1074 1090 1113 1138 1142 1177 1190 1204
1238 1247 1271 1298 1314 1335 1355 1369 1391 1404
1437 1457 1475 1482 1515 1527 1548 1576 1591 1603
1638 1641 1670 1687 1708 1723 1747 1761 14 33 43 69 81 104 138 149 175 187
217 228 253 274 296 303 329 355 372 381
410 430 446 472 489 512 529 548 577 589
602 623 655 677 681 712 730 755 763 787
809 834 841 878 887 916 923 941 965 994
1003 1038 1052 1075 1087 1103 1121 1145 1163 1198
1216 1227 1253 1277 1288 1306 1330 1356 1374 1387
1418 1434 1442 1463 1487 1515 1527 1558 1572 1598
1605 1632 1656 1675 1689 1711 1730 1754 1764 1791
1 25 54 66 97 106 137 158 176
181 218 236 247 269 284 301 324 355 365
397 416 428 453 468 496 504 530 551 563
586 605 627 646 675 688 710 736 753 771
785 806 829 841 869 894 909 936 951 965
981 1018 1036 1047 1071 1094 1117 1130 1144 1170
1195 1212 1225 1242 1272 1291 1305 1327 1352 1368
1394 1417 1427 1455 1474 1492 1507 1521 1558 1568
1592 1607 1630 1651 1676 1682 1706 1733 1750 1770
1784 1803 16 37 47 76 95 102 125 147
168 192 213 232 258 262 289 302 326 343
378 385 413 434 457 476 485 502 538 547
578 592 605 629 648 671 684 715 734 758
775 783 813 838 847 861 898 911 930 946
973 981 1008 1034 1044 1078 1089 1115 1129 1152
1168 1198 1217 1236 1256 1274 1289 1314 1337 1344
1364 1398 1402 1426 1453 1473 1482 1507 1538 1547
1567 1593 1614 1632 1647 1677 1682 1701 1724 1748
1775 1783 1810 1822 2 24 44 62 84 101 134
142 169 191 213 225 255 278 281 307 334
358 370 390 416 429 441 467 481 506 534
547 566 589 613 630 644 662 688 712 732
757 771 794 801 822 849 876 897 909 928
943 975 983 1001 1023 1051 1073 1097 1118 1132
1148 1168 1189 1201 1224 1252 1272 1289 1301 1328
1350 1373 1382 1410 1433 1445 1469 1490 1513 1526
1555 1562 1585 1610 1625 1654 1670 1691 1709 1732
1749 1768 1786 1805 1830 1844 16 29 45 65 87 115
137 150 167 195 201 223 246 277 283 314
324 349 377 398 406 433 452 472 493 508
522 548 576 586 610 621 648 669 697 706
730 751 767 794 812 834 855 870 893 916
937 956 967 998 1017 1026 1056 1076 1098 1105
1138 1149 1175 1183 1211 1237 1243 1272 1294 1315
1332 1357 1371 1390 1411 1437 1449 1470 1481 1517
1531 1551 1575 1596 1613 1628 1652 1676 1696 1709
1722 1750 1775 1782 1808 1825 1846 1869 7 34 52 76 82
107 126 144 165 198 201 231 254 273 295
317 324 346 370 391 412 424 443 466 485
503 525 553 575 595 609 632 645 677 682
709 729 744 762 787 814 824 842 866 883
911 929 942 967 982 1004 1027 1058 1064 1085
1109 1134 1153 1173 1193 1210 1234 1246 1274 1293
1317 1333 1350 1367 1381 1403 1428 1452 1468 1488
1510 1535 1544 1563 1588 1615 1626 1654 1665 1698
1709 1725 1749 1768 1792 1811 1822 1854 1866 1893
16 31 54 69
89 105 136 148 174 195 207 222 243 263
284 311 331 350 371 396 413 432 444 466
486 515 530 550 561 588 612 630 650 665
688 718 731 755 774 791 803 823 846 877
883 915 932 942 968 988 1012 1028 1044 1069
1088 1118 1126 1143 1176 1197 1217 1223 1252 1264
1298 1304 1329 1345 1374 1385 1412 1434 1453 1472
1488 1515 1526 1551 1575 1592 1601 1635 1650 1677
1682 1715 1731 1741 1776 1789 1810 1827 1843 1868
1896 1914 15 23 48
72 97 112 122 155 162 198 213 234 255
274 296 318 337 353 367 388 404 422 443
472 491 501 533 551 570 590 617 635 654
678 692 704 726 755 773 793 812 833 856
862 881 912 922 954 966 993 1002 1025 1058
1062 1093 1104 1129 1157 1177 1187 1207 1222 1249
1262 1297 1317 1327 1348 1362 1393 1406 1425 1457
1468 1484 1514 1532 1543 1562 1584 1613 1638 1656
1672 1694 1716 1729 1745 1775 1786 1804 1834 1852
1868 1898 1917 1921 6 34
54 61 83 111 129 154 169 181 214 225
249 263 294 312 326 342 375 384 406 423
446 466 495 506 523 552 574 596 606 631
642 661 694 717 726 746 763 791 818 825
842 874 885 908 938 953 972 997 1009 1033
1045 1065 1094 1110 1124 1152 1173 1186 1211 1229
1258 1273 1285 1301 1334 1350 1375 1392 1407 1423
1443 1465 1491 1502 1524 1557 1565 1587 1609 1625
1655 1675 1681 1711 1729 1754 1761 1790 1802 1833
1858 1872 1897 1911 1927 1957 1
27 58 70 92 111 133 155 164 188 212
235 245 266 290 305 326 352 372 397 411
425 456 476 490 505 534 546 574 594 615
632 649 678 691 718 732 756 778 797 817
827 858 874 890 902 937 945 964 981 1015
1031 1042 1065 1098 1110 1136 1145 1166 1183 1205
1231 1241 1265 1286 1309 1321 1353 1369 1397 1407
1421 1457 1464 1492 1510 1530 1554 1561 1582 1606
1635 1642 1675 1689 1712 1731 1741 1772 1795 1811
1832 1848 1875 1897 1905 1937 1953 1966 
