10 4 34 8 28 51 1 34 47 67 13 37 56 70 92
18 32 46 66
83 109 15 38 46
68 94 108 122 14 28
49 63 85 114 133 146 13
21 45 66 90 103 128 148 169 9 25 47 78 90 104 125 144 169 185
17 24 49 63 85 101 121 148 171
187 217 15 25 41 74 94 109 135 145
175 190 201 232 11 24 48 77 96 108 127
142 162 193 217 230 256 1 22 43 69 88 104
127 145 177 184 217 227 246 264 15 36 55 61 92
108 131 157 162 181 205 231 244 271 291
7 24 52 72
81 109 131 146 163 196 212 223 244 266
286 303 7 25 54
61 81 118 122 154 165 187 218 231 253
268 295 306 328 15 21
46 74 86 105 123 145 163 181 202 236
245 263 289 317 324 356 2
26 43 76 84 105 126 157 167 189 208
236 247 272 296 313 338 358 361 12 36 46 75 91 110 123 154 171 185
202 221 252 274 289 310 330 343 364 394
13 33 51 67 92 114 123 144 169
182 211 237 253 265 286 309 325 352 367
390 406 15 32 49 63 96 111 137 147
166 181 202 230 242 267 297 317 321 343
377 390 412 425 14 25 56 74 85 110 134
156 163 195 209 236 249 274 282 303 322
354 365 389 414 428 447 1 28 57 65 82 103
133 142 177 188 208 224 255 270 292 304
327 350 362 391 413 431 454 475 11 30 46 78 84
102 127 147 170 189 203 225 253 264 286
301 335 348 374 389 406 436 445 464 488
17 32 55 64
88 111 138 141 161 194 208 221 258 268
296 306 330 352 372 384 416 421 457 462
487 514 11 35 52
71 83 113 126 156 167 195 217 221 250
261 281 313 334 345 361 387 402 433 450
473 493 516 528 8 27
45 62 98 103 135 153 161 193 217 223
251 266 285 301 331 343 368 391 414 425
443 462 488 504 525 544 18
35 48 67 82 104 128 145 177 186 214
232 255 271 288 318 327 350 371 390 408
428 446 467 487 514 531 556 574 9 24 54 65 81 114 135 154 169 185
214 233 258 271 294 316 322 343 369 390
405 427 448 468 487 510 531 541 568 594
7 29 51 64 88 113 135 143 163
185 214 227 252 268 289 304 331 358 369
398 406 423 441 469 496 504 535 550 570
581 608 15 23 57 76 92 109 131 144
166 198 207 236 249 276 284 309 338 351
361 396 417 430 446 466 487 506 537 541
571 584 606 628 18 32 51 64 91 104 132
158 177 185 216 233 252 277 287 309 333
342 370 394 411 432 449 468 487 508 528
549 574 581 603 635 652 2 32 50 69 86 118
134 156 165 182 207 227 241 264 284 308
323 342 367 382 417 438 457 475 490 512
527 541 568 592 602 625 651 665 5 35 41 63 92
112 131 154 161 190 202 224 247 274 283
311 329 346 375 389 414 428 451 472 491
511 533 555 570 587 613 634 653 663 685
7 37 44 78
87 106 137 142 161 187 214 237 248 268
283 311 327 341 371 387 407 431 458 477
491 511 532 554 564 586 602 635 654 675
689 718 1 34 50
75 89 106 137 152 167 182 203 232 245
276 283 313 333 349 369 389 410 427 457
465 495 502 522 551 576 586 606 623 658
668 698 716 726 4 38
42 62 95 111 122 147 162 198 210 237
246 261 297 313 321 349 364 398 403 436
453 463 490 504 538 558 573 584 603 634
658 666 681 715 727 754 16
35 50 71 87 114 136 146 165 193 218
228 249 276 288 311 324 349 361 395 406
428 452 467 498 511 538 549 561 584 617
623 646 670 687 711 722 755 774 9 37 56 65 87 114 138 158 174 195
217 223 241 275 287 310 324 349 372 384
414 424 447 468 492 504 538 549 567 584
604 636 644 677 685 703 730 742 773 790
14 22 54 64 96 105 123 144 177
191 217 224 248 264 291 303 322 358 363
389 411 435 446 468 493 504 529 543 569
585 612 637 647 672 689 718 725 754 770
788 809 13 34 55 69 93 101 123 153
172 190 213 224 249 273 288 310 325 341
369 388 410 421 446 467 487 504 535 549
573 586 609 622 641 676 682 707 724 744
777 787 815 827 10 30 44 75 87 110 122
156 177 182 204 227 253 276 281 308 330
347 361 389 404 426 448 476 486 508 533
557 577 589 608 622 647 665 682 706 735
746 763 791 807 830 843 8 31 43 65 90 114
130 142 173 196 204 235 244 271 288 318
324 346 361 385 413 438 451 475 492 510
532 541 573 592 607 638 646 678 689 713
726 754 763 790 810 823 845 874 12 34 47 68 92
115 127 158 171 191 211 236 249 266 289
317 328 353 371 395 404 433 442 466 492
512 536 554 578 597 608 624 649 677 689
707 727 756 766 789 806 831 847 863 892
3 23 44 70
91 104 125 150 165 191 201 238 253 270
281 304 327 346 365 387 402 436 450 473
487 507 535 546 564 594 610 633 651 662
697 707 726 744 771 798 805 823 844 877
891 901 13 23 51
69 85 113 136 141 166 197 202 226 242
278 289 311 334 350 366 394 407 426 452
464 488 517 538 558 576 591 613 629 647
676 697 709 723 743 776 782 804 828 848
867 898 902 921 10 32
45 61 89 104 127 157 177 189 218 229
247 271 287 314 324 349 371 398 404 433
453 477 491 514 530 548 576 588 610 635
641 668 691 715 737 756 775 795 808 822
851 871 894 909 923 944 6
31 50 78 86 117 136 155 174 194 214
231 256 271 297 317 326 352 368 382 407
421 454 463 485 502 524 545 570 584 618
632 642 678 687 714 738 741 775 786 813
831 844 868 891 916 933 945 970 10 30 48 61 81 106 127 158 166 184
211 234 256 272 293 304 329 351 377 397
417 434 442 465 481 506 538 541 563 596
602 637 643 663 689 709 732 745 773 794
810 837 854 864 890 918 935 958 962 991
2 35 45 78 81 108 135 154 167
193 206 223 243 274 291 310 334 352 361
385 403 438 458 478 497 506 537 557 574
595 602 627 646 677 687 701 722 746 775
793 807 833 857 875 885 908 926 952 964
983 1012 2 32 47 62 93 107 126 142
172 184 218 223 248 273 286 316 330 348
361 394 410 436 452 464 491 507 531 541
561 597 613 629 651 672 683 701 726 755
767 790 802 837 857 876 884 910 937 953
978 981 1002 1021 5 38 56 68 94 107 131
147 172 197 202 237 258 270 291 306 325
355 368 383 406 438 448 461 482 507 525
557 563 593 609 622 652 666 684 705 733
755 777 782 807 833 853 871 892 903 937
957 973 997 1015 1022 1049 12 21 44 75 90 117
135 150 167 183 212 237 251 265 293 318
323 357 363 394 416 423 442 470 486 511
529 541 578 592 616 633 648 671 689 710
730 753 777 789 817 827 855 877 885 901
934 945 961 982 1007 1028 1054 1061 13 22 57 68 82
105 137 143 175 181 216 236 258 264 295
316 334 353 372 386 414 424 448 476 497
503 534 543 562 585 607 625 657 661 682
718 721 755 771 798 818 822 846 862 897
906 934 952 965 995 1016 1031 1053 1068 1091
7 30 46 75
84 112 125 147 167 189 207 232 251 277
289 303 329 344 368 391 411 422 445 477
487 514 522 553 567 584 610 637 643 667
693 716 726 752 765 790 817 827 857 876
884 905 927 946 976 985 1013 1028 1042 1077
1095 1112 6 36 58
69 98 115 137 157 168 190 218 226 245
270 287 314 337 350 368 383 416 423 450
469 493 516 522 556 570 582 609 632 647
668 692 706 728 747 778 794 805 831 855
865 883 902 928 949 971 994 1001 1021 1055
1062 1084 1103 1122 5 24
49 68 91 103 121 145 170 188 202 223
250 276 294 310 338 356 369 387 408 424
441 461 481 507 522 546 561 588 604 629
650 670 685 717 722 746 762 797 809 834
848 872 886 903 934 951 977 990 1010 1025
1050 1061 1090 1104 1126 1142 4
32 50 64 89 116 121 155 171 186 216
232 248 275 290 315 331 356 363 393 406
424 458 469 490 515 521 549 570 598 612
622 646 676 686 706 730 757 765 791 818
836 843 867 897 903 935 942 968 997 1014
1034 1049 1062 1096 1101 1132 1157 1170 5 27 46 74 90 108 134 145 161 198
209 225 245 263 296 304 337 342 372 387
417 430 446 469 490 514 524 555 578 595
601 633 646 677 688 715 729 743 764 793
806 830 855 878 895 910 925 949 971 983
1015 1025 1054 1062 1097 1109 1127 1144 1171 1196
14 35 43 65 83 107 122 143 166
185 205 238 245 274 289 303 322 348 372
390 415 429 449 462 491 513 523 541 563
585 607 630 658 669 695 707 729 742 773
794 804 824 848 875 890 911 924 949 973
989 1003 1028 1052 1072 1086 1106 1124 1153 1172
1196 1215 2 23 51 74 98 112 135 157
171 196 208 238 257 277 290 301 326 345
363 391 416 422 451 475 484 514 528 558
572 588 617 635 651 664 697 707 738 743
776 795 803 822 850 872 889 914 929 942
967 996 1007 1031 1046 1065 1085 1118 1137 1156
1164 1198 1204 1225 7 33 53 77 88 113 127
143 174 198 214 224 244 265 297 302 335
344 373 381 416 436 442 469 495 511 531
551 569 596 616 627 653 677 685 704 730
756 769 796 812 821 841 861 882 912 933
951 969 986 1006 1031 1055 1067 1092 1104 1129
1154 1173 1188 1208 1231 1257 2 30 51 67 95 118
135 148 162 194 202 236 256 262 284 308
322 355 375 387 417 427 441 475 493 502
525 548 567 591 604 622 646 664 688 714
736 745 770 789 812 824 856 871 881 915
935 956 961 982 1009 1034 1051 1072 1083 1112
1132 1144 1171 1193 1204 1228 1241 1262 14 37 49 62 89
111 129 153 171 195 214 234 249 262 290
314 325 343 370 397 412 433 453 467 496
503 524 557 575 597 609 627 655 677 691
711 731 757 765 784 803 823 849 862 891
901 936 948 972 982 1012 1024 1052 1069 1085
1104 1131 1154 1169 1189 1210 1224 1257 1268 1293
17 28 54 74
96 108 127 145 176 182 209 228 253 277
288 318 323 344 370 388 410 426 445 470
483 507 525 543 575 585 608 630 642 661
698 705 723 748 762 796 818 828 843 862
887 901 931 948 967 987 1008 1022 1049 1072
1086 1107 1121 1157 1165 1189 1204 1232 1243 1268
1285 1306 5 30 52
77 88 103 130 144 176 196 210 222 243
276 283 306 330 350 376 397 414 432 449
478 490 512 521 546 575 595 616 638 653
669 692 701 734 744 773 787 801 821 841
875 894 918 935 947 966 998 1016 1033 1057
1066 1093 1109 1135 1142 1166 1181 1203 1237 1242
1273 1290 1308 1333 9 24
45 62 84 103 122 145 164 184 211 229
247 269 290 305 335 351 373 387 411 435
445 478 483 511 522 541 567 595 603 637
644 668 689 710 734 752 772 783 815 828
848 864 891 910 932 951 969 985 1006 1023
1054 1074 1090 1108 1133 1145 1163 1196 1207 1225
1256 1263 1298 1301 1326 1352 3
28 58 68 91 110 133 154 167 198 215
233 246 277 297 306 329 345 377 390 412
432 458 466 496 510 528 549 565 597 604
628 654 668 689 713 734 756 768 790 806
838 849 867 881 913 937 948 965 998 1013
1036 1050 1062 1093 1113 1135 1150 1167 1187 1217
1223 1247 1268 1289 1305 1328 1342 1378 3 36 54 65 83 110 136 144 171 194
207 224 242 275 296 315 322 351 365 385
410 436 444 478 483 509 536 547 561 591
605 636 641 667 697 706 722 749 770 795
806 837 841 870 882 906 921 952 963 988
1015 1028 1057 1065 1082 1109 1134 1155 1167 1185
1205 1236 1254 1267 1288 1302 1329 1356 1366 1391
4 37 41 69 92 114 121 150 165
182 207 221 248 273 294 309 333 346 363
390 402 438 453 469 493 518 537 556 561
595 617 636 642 662 684 702 728 756 776
798 804 831 846 868 891 907 926 952 974
993 1014 1024 1047 1068 1081 1116 1136 1153 1164
1189 1205 1235 1252 1264 1291 1309 1328 1341 1364
1382 1405 13 29 45 63 94 101 137 150
170 197 216 223 257 278 295 305 331 357
377 384 404 431 453 470 496 511 531 547
576 598 602 638 651 671 681 701 721 752
770 788 815 821 849 862 892 902 924 944
968 992 1004 1022 1055 1063 1081 1113 1128 1151
1170 1195 1203 1234 1254 1272 1294 1303 1327 1354
1369 1381 1411 1435 16 32 49 68 94 108 131
154 173 181 218 227 257 273 295 316 331
347 368 388 414 430 448 471 481 515 535
549 569 586 606 638 650 666 681 715 737
743 761 785 817 823 844 868 888 913 933
947 977 985 1018 1030 1056 1070 1095 1117 1126
1147 1163 1191 1209 1228 1242 1265 1286 1316 1333
1358 1362 1384 1410 1425 1445 11 23 46 72 98 113
122 142 164 181 207 235 245 262 283 309
323 345 374 397 409 431 458 463 484 517
530 547 569 597 608 632 642 675 689 710
724 746 776 788 806 835 845 863 883 911
936 957 975 994 1018 1038 1046 1061 1095 1107
1136 1144 1171 1185 1210 1228 1245 1271 1292 1307
1324 1345 1372 1397 1415 1424 1441 1478 9 35 45 65 93
112 131 152 169 189 212 234 241 271 296
316 322 342 377 394 411 424 444 461 496
513 530 557 561 592 605 628 643 664 681
718 729 748 766 798 808 824 848 874 881
905 938 958 961 989 1014 1022 1049 1073 1097
1114 1135 1141 1178 1188 1204 1223 1249 1271 1288
1307 1334 1344 1364 1391 1408 1421 1446 1468 1496
3 37 56 69
95 110 130 152 173 191 205 226 258 275
292 309 334 345 377 390 417 435 452 476
497 517 536 546 570 593 612 625 648 665
691 704 729 748 766 793 808 824 842 862
882 904 922 947 966 981 1004 1034 1051 1066
1092 1107 1128 1142 1171 1182 1204 1224 1246 1266
1287 1318 1329 1349 1363 1396 1412 1428 1457 1477
1483 1510 13 34 54
67 95 116 123 155 162 183 209 229 247
276 295 307 325 353 369 396 409 435 447
476 481 506 537 558 566 595 612 625 648
677 696 712 733 751 765 787 801 828 843
864 889 909 936 958 968 986 1017 1025 1045
1068 1091 1111 1131 1158 1177 1186 1207 1235 1247
1277 1295 1310 1337 1351 1378 1381 1412 1436 1451
1462 1484 1517 1534 9 24
43 67 87 118 133 157 178 191 201 238
255 267 281 318 331 346 370 384 416 421
445 471 488 516 538 557 561 583 604 636
642 676 683 703 738 752 768 781 803 823
856 861 890 901 927 941 974 983 1017 1026
1051 1069 1098 1114 1134 1145 1173 1193 1218 1225
1247 1267 1296 1315 1334 1346 1363 1381 1414 1435
1458 1472 1494 1511 1530 1556 6
29 55 63 91 115 124 152 164 183 214
237 255 272 286 311 337 344 362 381 416
427 456 466 485 517 522 547 576 593 602
636 657 668 690 709 726 757 776 794 818
830 846 870 891 907 936 941 969 997 1005
1025 1046 1067 1082 1108 1127 1157 1167 1186 1210
1233 1249 1264 1287 1317 1336 1343 1363 1391 1416
1426 1453 1478 1483 1514 1531 1548 1569 5 38 46 77 82 118 130 155 173 183
216 228 253 277 281 315 330 345 362 385
415 423 455 467 485 516 538 541 568 593
602 637 658 664 688 701 727 750 770 783
806 826 846 861 898 913 927 951 976 993
1004 1032 1042 1075 1090 1105 1137 1154 1168 1184
1212 1223 1250 1264 1284 1310 1337 1341 1366 1388
1407 1421 1448 1473 1497 1502 1529 1548 1568 1595
15 35 58 78 93 109 138 152 173
198 207 230 255 278 297 314 331 341 370
384 409 432 458 466 490 516 537 558 567
594 601 630 645 662 684 717 736 744 766
792 813 827 855 864 889 914 938 948 975
984 1005 1029 1042 1067 1088 1108 1128 1155 1164
1186 1210 1226 1249 1263 1287 1318 1329 1353 1370
1398 1401 1432 1456 1472 1481 1514 1536 1542 1561
1581 1613 4 35 43 71 90 110 125 149
163 191 206 234 252 276 288 316 330 345
375 384 408 429 441 461 492 510 531 545
574 597 615 623 645 661 688 708 732 745
766 784 806 824 842 872 885 905 934 958
978 987 1003 1021 1057 1075 1087 1117 1127 1157
1167 1194 1211 1231 1256 1273 1281 1302 1323 1350
1375 1382 1411 1426 1452 1475 1491 1514 1533 1557
1575 1583 1611 1628 9 35 47 72 96 104 122
142 165 190 214 223 249 276 283 317 330
348 363 392 401 431 458 468 487 502 534
554 561 588 609 635 656 664 687 703 734
756 775 783 818 837 842 875 884 914 929
955 963 994 1012 1027 1047 1074 1084 1116 1122
1142 1165 1184 1218 1233 1244 1271 1282 1313 1323
1351 1367 1392 1405 1438 1455 1461 1495 1512 1532
1544 1566 1583 1609 1630 1657 7 34 47 77 81 115
137 142 175 197 206 233 241 267 291 310
329 352 374 390 413 435 444 467 481 511
527 547 569 582 601 634 652 665 690 710
723 752 778 798 805 836 853 872 898 916
924 954 967 998 1018 1035 1048 1065 1087 1112
1127 1157 1166 1191 1210 1226 1252 1264 1288 1314
1322 1354 1375 1398 1406 1426 1442 1468 1491 1509
1524 1549 1572 1594 1617 1632 1643 1662 16 33 48 61 84
112 122 150 177 191 218 230 252 272 290
302 330 350 370 396 403 427 456 463 488
505 530 552 571 593 611 632 656 668 694
706 726 749 766 789 811 827 848 872 891
901 933 950 976 991 1017 1029 1057 1067 1091
1117 1135 1148 1165 1195 1210 1221 1257 1275 1295
1305 1333 1343 1368 1395 1414 1433 1453 1461 1481
1505 1530 1554 1571 1596 1616 1638 1642 1668 1690
11 35 56 74
95 105 129 143 177 188 216 230 254 267
282 301 322 350 374 390 414 431 441 466
493 502 538 541 566 581 606 634 649 664
697 706 736 747 762 783 806 831 842 878
886 906 928 945 962 986 1005 1022 1057 1077
1092 1116 1125 1156 1173 1186 1208 1230 1252 1266
1297 1317 1336 1348 1373 1386 1406 1430 1443 1465
1483 1508 1531 1547 1578 1588 1611 1631 1647 1678
1698 1717 11 31 57
78 94 116 125 145 161 195 202 223 244
272 282 316 331 343 377 389 405 433 452
463 490 515 530 555 569 586 617 635 642
664 698 708 735 757 773 785 803 824 851
866 897 911 926 949 970 983 1017 1031 1044
1067 1095 1110 1122 1158 1165 1198 1217 1232 1254
1278 1296 1312 1321 1356 1361 1398 1408 1433 1454
1476 1491 1508 1527 1541 1577 1598 1607 1633 1643
1666 1687 1704 1723 6 35
45 72 93 107 127 149 168 192 205 235
250 268 294 303 322 346 371 390 411 437
445 474 490 514 534 549 574 597 606 635
643 667 698 713 727 741 773 796 804 838
843 862 882 914 921 942 970 991 1016 1022
1057 1073 1093 1110 1128 1154 1177 1187 1201 1229
1246 1268 1282 1310 1324 1345 1366 1395 1401 1432
1455 1463 1494 1516 1535 1553 1567 1589 1609 1637
1644 1665 1698 1713 1725 1746 16
35 47 72 96 114 127 155 161 181 218
232 242 275 286 301 333 342 367 392 406
428 450 476 483 513 528 549 571 594 614
623 656 673 693 717 729 755 769 784 814
828 844 870 893 917 937 957 975 984 1018
1028 1046 1073 1096 1105 1128 1152 1173 1198 1210
1232 1249 1265 1296 1303 1321 1341 1365 1382 1411
1434 1449 1477 1482 1518 1537 1556 1566 1597 1613
1622 1649 1663 1686 1709 1734 1741 1770 6 28 42 65 83 108 130 145 166 182
215 237 243 274 286 305 330 358 363 387
409 428 448 467 494 512 534 551 566 594
618 638 641 673 690 701 735 748 766 785
817 830 843 867 883 903 931 946 976 995
1002 1036 1046 1071 1085 1111 1135 1155 1162 1193
1207 1228 1251 1264 1289 1308 1323 1344 1371 1391
1401 1422 1444 1473 1488 1513 1527 1542 1573 1585
1614 1635 1656 1669 1682 1710 1721 1749 1772 1785
7 30 54 70 95 101 135 158 172
195 212 234 241 270 287 315 328 346 370
390 415 429 457 462 484 512 538 555 565
595 606 636 658 672 686 704 732 745 764
785 808 836 853 875 895 913 928 951 963
994 1008 1037 1055 1076 1091 1113 1136 1147 1176
1182 1207 1225 1248 1264 1296 1310 1326 1353 1373
1398 1418 1438 1456 1465 1498 1507 1521 1549 1575
1598 1610 1621 1651 1674 1693 1716 1725 1744 1762
1781 1816 1 31 47 71 83 110 131 144
170 197 205 237 253 277 281 310 323 354
374 381 413 431 457 466 485 503 536 544
577 583 618 625 645 672 685 713 723 746
778 785 814 835 841 870 894 912 934 950
971 987 1005 1035 1042 1075 1093 1111 1125 1141
1162 1181 1204 1235 1251 1265 1283 1311 1323 1357
1371 1389 1408 1435 1443 1471 1493 1505 1525 1542
1576 1582 1612 1621 1655 1662 1690 1703 1729 1753
1761 1781 1809 1825 15 38 58 64 97 117 126
145 169 185 211 224 255 275 295 306 334
346 361 393 413 432 453 475 496 509 531
547 567 588 608 621 654 661 687 713 737
743 762 789 810 833 845 867 896 918 932
951 976 990 1002 1034 1056 1071 1087 1110 1135
1143 1165 1186 1215 1221 1246 1265 1286 1303 1328
1347 1361 1396 1418 1438 1454 1464 1486 1513 1531
1558 1575 1583 1611 1634 1655 1670 1687 1715 1734
1751 1761 1782 1805 1832 1845 6 23 55 64 82 108
132 146 177 197 216 228 241 266 294 310
330 358 372 392 403 436 444 478 496 501
525 550 577 585 617 638 657 669 683 714
733 758 778 781 801 826 847 871 895 912
934 944 967 983 1017 1036 1041 1078 1081 1107
1138 1158 1168 1194 1211 1238 1242 1277 1298 1301
1328 1342 1370 1381 1410 1432 1443 1465 1482 1510
1532 1543 1575 1594 1616 1629 1655 1677 1690 1714
1724 1756 1764 1791 1806 1833 1842 1864 6 23 47 68 93
101 125 154 165 191 211 230 250 267 292
308 334 354 363 394 401 434 457 468 484
517 528 551 570 592 606 631 644 678 687
712 730 746 767 794 802 832 857 868 892
910 930 950 971 981 1006 1036 1045 1062 1083
1110 1138 1149 1170 1181 1218 1234 1251 1274 1297
1307 1321 1344 1367 1393 1411 1438 1449 1466 1495
1515 1535 1545 1577 1582 1607 1627 1655 1675 1696
1705 1727 1753 1766 1793 1814 1834 1844 1862 1885
4 31 52 62
98 112 127 158 164 196 218 233 248 269
286 306 333 344 361 384 401 436 457 462
481 508 521 557 575 582 611 627 653 671
697 703 726 757 766 787 812 826 855 870
892 912 921 953 962 992 1003 1023 1050 1075
1088 1112 1130 1147 1171 1183 1215 1229 1252 1269
1285 1316 1326 1345 1368 1395 1405 1423 1449 1467
1482 1516 1537 1553 1567 1590 1609 1634 1648 1672
1696 1711 1733 1742 1766 1781 1810 1833 1856 1867
1895 1907 16 27 48
75 81 105 131 147 173 193 212 228 255
270 283 302 338 349 367 381 410 436 448
474 487 508 536 541 565 590 601 622 642
670 693 718 737 743 777 791 817 832 855
876 886 916 925 944 971 996 1014 1025 1053
1073 1083 1109 1122 1148 1171 1184 1214 1222 1250
1266 1296 1311 1331 1357 1378 1387 1413 1431 1442
1467 1490 1512 1534 1546 1563 1590 1615 1622 1656
1677 1692 1710 1721 1755 1763 1792 1805 1836 1850
1875 1885 1918 1921 2 38
44 76 98 112 138 144 170 193 213 228
248 263 288 317 327 341 365 393 417 429
454 468 487 510 524 547 578 594 603 637
652 665 694 705 735 743 762 794 811 833
850 867 881 912 926 941 961 994 1010 1024
1045 1069 1081 1105 1125 1150 1171 1183 1217 1228
1252 1276 1296 1312 1328 1343 1378 1390 1410 1432
1452 1468 1495 1513 1537 1554 1561 1588 1617 1635
1641 1676 1695 1708 1724 1747 1761 1797 1817 1832
1857 1875 1895 1906 1934 1945 5
25 47 61 95 112 131 146 164 189 205
221 258 261 283 318 337 354 366 383 402
422 453 478 491 512 525 554 574 586 605
635 643 665 686 712 734 754 766 796 813
821 854 875 895 918 930 946 971 997 1001
1033 1052 1078 1083 1107 1128 1156 1172 1189 1215
1221 1244 1277 1285 1311 1328 1349 1373 1383 1411
1435 1454 1464 1482 1505 1535 1552 1573 1582 1602
1623 1651 1666 1697 1703 1725 1742 1761 1787 1808
1827 1845 1878 1896 1904 1924 1953 1969 11 30 44 66 93 101 124 153 175 182
207 233 250 278 285 305 331 357 368 398
410 437 447 476 484 505 537 557 561 589
607 626 653 665 698 701 726 749 777 789
809 838 844 863 887 904 927 958 965 998
1018 1029 1053 1068 1089 1104 1131 1158 1178 1198
1210 1236 1254 1269 1296 1317 1326 1354 1376 1392
1410 1433 1446 1466 1496 1507 1530 1547 1570 1587
1614 1627 1642 1662 1685 1702 1729 1742 1764 1788
1801 1824 1847 1877 1883 1904 1928 1956 1975 1987
18 24 58 74 85 101 135 158 174
189 206 225 257 270 294 309 333 356 376
391 401 434 455 476 492 506 535 543 570
592 604 632 653 678 692 701 723 758 771
797 802 822 845 869 898 912 937 953 978
998 1004 1027 1057 1065 1092 1116 1138 1155 1173
1187 1212 1237 1254 1268 1296 1317 1338 1354 1378
1395 1410 1422 1456 1465 1485 1510 1522 1552 1565
1590 1617 1622 1645 1662 1692 1715 1724 1745 1769
1784 1811 1835 1846 1876 1881 1911 1923 1953 1971
1992 2002 11 22 46 69 92 115 129 156
161 187 214 225 258 270 295 315 331 349
371 392 411 438 453 478 484 511 521 558
573 581 601 626 642 668 684 714 734 752
767 785 809 829 846 864 881 916 930 950
976 998 1009 1025 1057 1073 1098 1105 1121 1158
1170 1190 1202 1231 1254 1270 1295 1301 1326 1341
1364 1391 1418 1421 1449 1477 1485 1502 1529 1552
1574 1592 1616 1630 1652 1667 1696 1701 1737 1748
1775 1793 1807 1836 1853 1861 1895 1918 1929 1949
1966 1981 2011 2031 15 37 50 61 88 113 134
154 162 195 212 226 258 277 286 317 333
358 369 383 413 430 444 478 488 504 531
545 570 582 610 635 651 672 698 708 737
741 762 781 812 837 853 863 896 917 930
944 971 982 1016 1024 1054 1072 1096 1113 1137
1156 1167 1188 1208 1236 1255 1270 1282 1311 1338
1348 1368 1398 1406 1425 1449 1476 1486 1501 1534
1551 1578 1598 1613 1624 1649 1669 1692 1714 1734
1758 1777 1783 1809 1825 1849 1873 1887 1914 1933
1941 1964 1996 2018 2037 2044 18 26 58 76 97 110
126 149 164 191 202 233 256 268 284 307
333 342 376 386 411 433 441 468 495 515
523 550 576 595 605 631 657 670 688 704
734 746 771 791 814 832 841 864 895 911
938 942 977 986 1004 1033 1050 1078 1082 1115
1136 1147 1173 1185 1216 1227 1243 1270 1296 1317
1335 1355 1366 1383 1401 1433 1455 1470 1489 1515
1531 1552 1563 1589 1606 1634 1642 1674 1696 1718
1723 1756 1778 1790 1805 1832 1850 1861 1895 1904
1930 1957 1971 1981 2017 2025 2055 2067 13 36 53 76 86
107 134 143 177 188 204 224 243 273 289
302 335 346 370 391 416 436 456 478 496
510 524 550 571 594 603 621 642 662 684
702 737 750 771 797 815 833 842 866 886
907 923 954 976 997 1018 1036 1055 1074 1097
1114 1137 1154 1167 1198 1217 1238 1253 1262 1292
1314 1329 1341 1375 1382 1418 1427 1452 1469 1483
1508 1532 1557 1573 1590 1618 1626 1654 1671 1683
1706 1723 1743 1776 1784 1806 1838 1853 1865 1886
1917 1924 1944 1961 1984 2007 2035 2050 2077 2093
6 31 53 64
84 102 126 151 166 182 202 221 243 263
283 313 329 346 361 386 410 421 445 472
482 501 531 554 564 585 614 637 652 664
689 713 728 756 772 785 815 833 857 874
895 911 936 954 961 981 1001 1026 1057 1068
1081 1118 1135 1141 1178 1190 1217 1225 1255 1272
1293 1308 1333 1353 1363 1396 1414 1433 1444 1467
1494 1513 1537 1557 1575 1583 1606 1624 1641 1663
1682 1708 1725 1747 1767 1781 1807 1823 1854 1871
1895 1901 1926 1941 1967 1987 2009 2032 2044 2078
2097 2112 8 36 46
77 85 102 135 148 162 191 207 224 253
264 297 306 335 343 376 386 412 435 448
468 495 515 534 547 568 583 616 627 652
678 685 718 732 744 773 797 818 838 843
862 886 902 925 949 966 985 1004 1030 1053
1065 1095 1118 1124 1153 1168 1189 1208 1222 1256
1264 1282 1304 1336 1344 1368 1386 1413 1428 1441
1468 1483 1512 1532 1555 1577 1591 1602 1636 1642
1668 1685 1713 1725 1748 1776 1794 1811 1835 1843
1865 1892 1911 1923 1953 1971 1983 2002 2030 2047
2078 2093 2111 2122 8 26
44 75 98 110 138 150 166 192 217 224
247 261 292 312 332 342 367 392 401 430
451 468 492 516 527 554 563 590 615 621
658 678 681 708 731 751 773 791 805 825
855 862 894 903 938 950 962 987 1004 1038
1050 1071 1091 1110 1122 1154 1171 1191 1212 1231
1258 1276 1288 1304 1325 1355 1375 1386 1417 1427
1452 1475 1498 1501 1522 1549 1574 1594 1610 1632
1641 1674 1682 1711 1736 1756 1777 1793 1806 1835
1843 1861 1881 1918 1926 1957 1969 1983 2018 2025
2047 2073 2095 2117 2122 2148 14
24 52 66 98 109 130 149 169 192 205
234 255 274 295 311 326 342 375 383 411
424 456 477 498 514 523 557 570 582 606
630 655 663 686 712 724 749 767 797 813
833 853 870 896 913 931 958 971 989 1011
1034 1047 1068 1094 1117 1131 1145 1171 1190 1202
1228 1253 1268 1295 1302 1328 1356 1364 1388 1408
1423 1444 1473 1497 1515 1534 1553 1576 1581 1610
1623 1651 1662 1692 1715 1730 1757 1768 1781 1815
1827 1851 1868 1883 1911 1938 1941 1961 1982 2017
2035 2058 2062 2082 2105 2129 2153 2175 8 22 52 76 96 114 133 143 177 184
217 232 255 277 298 314 338 356 371 388
407 427 451 465 490 507 537 543 576 585
603 629 643 672 687 703 729 742 767 787
803 830 850 862 891 917 927 941 964 982
1008 1026 1057 1078 1088 1117 1135 1145 1166 1198
1214 1229 1244 1269 1283 1309 1328 1345 1371 1385
1404 1428 1457 1463 1488 1512 1524 1547 1569 1598
1608 1625 1648 1668 1692 1715 1727 1757 1767 1789
1809 1837 1850 1872 1885 1908 1931 1958 1973 1988
2012 2024 2041 2063 2090 2105 2138 2152 2161 2197
14 34 49 77 81 102 134 157 170
188 201 232 253 272 297 301 333 342 377
389 414 425 448 467 498 516 522 554 564
584 618 622 655 675 681 714 728 748 772
783 810 825 850 867 883 904 931 951 964
981 1008 1024 1047 1066 1087 1108 1124 1141 1162
1186 1212 1234 1249 1277 1291 1317 1333 1356 1364
1390 1418 1426 1446 1465 1491 1512 1521 1547 1573
1597 1610 1631 1645 1663 1684 1703 1732 1748 1773
1792 1806 1827 1858 1863 1886 1912 1929 1956 1972
1991 2013 2033 2050 2062 2089 2118 2123 2145 2162
2193 2205 16 35 46 67 94 118 126 152
166 187 205 236 244 276 286 316 331 348
363 385 412 427 443 467 487 503 525 553
575 592 604 631 644 662 685 712 728 749
769 790 813 822 849 868 891 913 924 945
975 991 1006 1036 1053 1070 1093 1116 1137 1141
1167 1194 1215 1221 1244 1278 1285 1318 1336 1349
1365 1383 1409 1436 1455 1465 1491 1514 1522 1547
1568 1581 1605 1621 1642 1678 1689 1711 1732 1752
1772 1797 1805 1834 1843 1870 1888 1910 1936 1943
1977 1990 2011 2031 2058 2070 2092 2111 2126 2148
2165 2192 2209 2229 3 36 41 69 83 115 123
146 171 195 218 238 248 278 297 303 321
346 366 397 415 426 458 468 487 518 538
550 577 581 610 622 657 669 688 706 731
758 762 782 816 833 848 861 887 911 929
941 963 997 1005 1024 1048 1069 1091 1112 1127
1141 1164 1187 1216 1235 1247 1277 1289 1309 1338
1347 1361 1383 1412 1435 1451 1470 1483 1518 1536
1557 1569 1589 1606 1627 1648 1671 1688 1705 1724
1750 1774 1786 1808 1835 1843 1861 1893 1901 1928
1952 1963 1993 2010 2023 2052 2070 2090 2110 2127
2143 2166 2182 2218 2225 2248 16 23 52 67 81 105
124 144 170 185 209 233 244 278 296 310
335 348 372 395 414 429 442 470 489 511
537 547 562 595 603 623 658 670 694 707
736 743 778 791 815 827 842 865 881 917
928 948 963 989 1016 1036 1056 1066 1090 1105
1125 1155 1164 1189 1208 1228 1246 1262 1298 1316
1326 1353 1365 1385 1410 1433 1452 1477 1487 1517
1527 1541 1564 1590 1601 1622 1646 1673 1695 1706
1731 1742 1767 1782 1815 1823 1854 1868 1888 1902
1935 1953 1968 1994 2016 2031 2042 2073 2089 2113
2124 2142 2175 2184 2212 2230 2248 2267 17 28 47 67 85
114 124 150 161 191 208 232 256 268 283
301 330 355 372 397 408 436 448 469 489
518 525 549 574 582 618 633 646 675 690
718 734 757 770 790 802 824 851 870 882
912 931 955 963 981 1001 1032 1044 1069 1086
1102 1133 1141 1177 1184 1215 1229 1254 1267 1289
1304 1321 1350 1362 1393 1410 1435 1454 1473 1483
1510 1538 1557 1575 1585 1603 1625 1652 1672 1686
1705 1735 1746 1776 1796 1807 1827 1844 1874 1885
1906 1933 1951 1968 1987 2004 2033 2056 2070 2089
2109 2137 2146 2161 2185 2201 2235 2251 2271 2284
2 30 43 78
81 113 123 150 166 191 218 235 246 270
296 309 332 351 365 397 412 426 442 478
493 510 532 555 565 591 609 632 657 663
690 708 736 748 776 786 808 830 841 865
882 915 925 952 971 987 1015 1021 1051 1061
1088 1107 1138 1158 1161 1188 1205 1223 1247 1269
1292 1307 1335 1353 1371 1383 1402 1438 1454 1472
1494 1502 1532 1557 1568 1590 1610 1627 1650 1673
1686 1716 1738 1756 1769 1784 1812 1838 1846 1862
1885 1910 1935 1941 1962 1985 2014 2038 2049 2074
2088 2111 2138 2145 2175 2197 2208 2232 2255 2261
2286 2315 7 36 42
74 92 102 134 142 175 187 211 236 255
266 288 312 326 346 369 395 416 429 445
467 494 502 524 549 563 583 604 624 658
666 681 710 728 755 766 793 817 826 858
874 893 916 936 943 969 984 1003 1032 1051
1077 1091 1109 1136 1152 1162 1188 1206 1234 1250
1261 1293 1309 1328 1356 1362 1381 1414 1434 1452
1462 1497 1513 1523 1554 1569 1594 1602 1635 1656
1676 1691 1716 1733 1744 1769 1789 1808 1824 1851
1867 1891 1917 1930 1944 1974 1995 2010 2036 2049
2067 2092 2109 2137 2147 2174 2192 2212 2222 2255
2274 2286 2310 2335 9 33
46 66 83 112 138 151 178 198 213 232
256 265 292 312 325 341 371 382 401 432
443 464 490 518 522 542 562 593 613 622
647 677 688 718 737 743 773 784 818 837
841 874 895 908 932 953 966 985 1005 1025
1049 1063 1083 1113 1123 1144 1168 1186 1206 1238
1246 1272 1292 1305 1337 1351 1371 1396 1408 1432
1450 1470 1492 1503 1524 1545 1574 1596 1612 1625
1651 1672 1696 1703 1732 1745 1771 1782 1816 1829
1852 1863 1883 1907 1928 1945 1971 1984 2008 2023
2041 2076 2095 2113 2130 2147 2163 2191 2204 2222
2244 2264 2286 2308 2331 2353 18
23 58 67 89 109 123 153 164 186 217
229 252 274 295 313 322 344 366 385 418
437 448 463 492 506 537 558 561 587 608
622 656 671 694 706 729 742 764 784 808
838 841 871 883 909 933 946 966 991 1001
1025 1055 1076 1094 1108 1128 1144 1167 1193 1218
1238 1241 1261 1293 1303 1337 1349 1371 1389 1413
1436 1457 1470 1495 1501 1533 1543 1562 1588 1608
1621 1646 1668 1695 1709 1721 1748 1762 1795 1803
1831 1842 1864 1898 1913 1933 1942 1972 1997 2002
2030 2054 2064 2082 2113 2134 2142 2175 2191 2214
2236 2254 2274 2283 2307 2338 2349 2375 8 28 57 68 91 108 128 153 174 198
206 235 255 267 292 314 326 353 376 395
418 422 455 473 488 517 528 555 578 598
612 635 648 676 695 707 726 743 777 792
813 826 844 862 893 913 935 951 964 989
1001 1027 1041 1062 1092 1106 1126 1151 1165 1191
1218 1229 1254 1272 1295 1307 1328 1358 1367 1383
1414 1438 1444 1470 1481 1503 1537 1548 1564 1587
1604 1623 1647 1677 1698 1709 1734 1744 1770 1795
1811 1834 1856 1866 1884 1916 1931 1952 1975 1993
2016 2036 2052 2067 2095 2107 2123 2157 2174 2181
2210 2233 2252 2270 2296 2302 2325 2357 2364 2388
5 28 53 77 85 113 133 149 172
185 204 236 250 271 286 301 328 357 362
384 402 433 451 468 492 510 522 548 567
593 614 622 647 670 698 717 728 746 764
793 813 824 855 868 882 904 935 949 975
993 1001 1022 1049 1070 1090 1118 1123 1154 1172
1185 1203 1227 1244 1274 1284 1312 1330 1344 1365
1383 1413 1433 1443 1474 1487 1517 1522 1553 1578
1586 1617 1622 1649 1664 1692 1704 1724 1752 1777
1784 1806 1823 1848 1870 1889 1907 1928 1945 1974
1991 2004 2035 2047 2075 2082 2109 2138 2141 2174
2196 2212 2230 2253 2263 2296 2301 2338 2342 2366
2394 2407 11 36 51 66 95 115 137 154
173 182 202 221 252 269 286 305 335 354
376 396 404 430 448 466 490 507 531 556
568 585 613 628 655 672 695 708 730 754
761 798 801 831 841 868 897 911 926 949
965 989 1013 1022 1045 1076 1087 1103 1137 1157
1164 1190 1207 1224 1256 1268 1290 1307 1335 1345
1361 1394 1403 1426 1446 1472 1489 1502 1535 1551
1561 1587 1604 1622 1650 1663 1681 1714 1732 1747
1769 1790 1802 1825 1858 1876 1896 1917 1928 1941
1973 1994 2013 2026 2052 2061 2098 2106 2135 2148
2175 2189 2214 2225 2251 2275 2298 2310 2329 2355
2377 2389 2415 2433 6 29 47 68 84 108 121
141 167 181 209 227 251 275 298 304 330
343 363 384 402 427 458 471 488 506 528
552 573 589 602 631 652 673 698 706 728
741 766 783 816 834 857 875 888 907 938
954 973 987 1005 1021 1043 1072 1083 1103 1137
1151 1165 1187 1204 1225 1249 1269 1290 1310 1334
1357 1366 1389 1411 1425 1453 1468 1481 1512 1531
1544 1573 1588 1618 1623 1645 1671 1693 1710 1725
1749 1776 1783 1818 1836 1850 1874 1887 1910 1931
1946 1971 1981 2011 2032 2045 2062 2098 2114 2133
2153 2165 2183 2211 2234 2249 2274 2290 2316 2335
2355 2370 2384 2414 2426 2453 18 29 46 67 98 117
125 155 177 190 204 237 247 269 298 311
321 354 374 393 413 435 454 471 496 507
521 558 570 591 618 630 653 676 690 709
732 741 764 794 814 827 845 871 886 913
937 945 969 994 1009 1021 1047 1076 1085 1102
1130 1157 1174 1186 1205 1232 1245 1272 1296 1309
1322 1341 1367 1393 1406 1421 1457 1476 1494 1508
1522 1545 1566 1582 1611 1636 1650 1674 1694 1708
1728 1750 1775 1788 1805 1823 1848 1874 1892 1909
1921 1951 1969 1991 2002 2026 2058 2072 2092 2116
2129 2144 2175 2196 2212 2235 2245 2269 2285 2308
2329 2357 2377 2394 2408 2430 2451 2471 12 23 57 64 85
108 130 155 170 185 211 234 241 278 285
308 337 351 362 387 409 428 447 466 495
502 523 548 567 586 615 634 641 669 690
711 730 742 772 786 816 826 858 871 885
913 929 955 969 997 1014 1023 1054 1069 1085
1109 1136 1143 1169 1196 1208 1235 1242 1276 1293
1316 1328 1342 1365 1397 1418 1430 1455 1463 1495
1502 1535 1554 1570 1598 1609 1622 1649 1665 1685
1715 1724 1742 1763 1785 1806 1821 1851 1873 1897
1914 1932 1956 1964 1991 2013 2027 2057 2070 2097
2103 2130 2144 2162 2193 2216 2227 2241 2272 2288
2311 2338 2344 2362 2393 2403 2433 2447 2476 2486
1 29 57 62
97 101 135 156 164 194 214 232 244 265
291 316 337 343 375 387 417 433 446 461
494 506 533 550 575 595 617 636 645 663
692 717 721 754 761 790 808 832 847 868
897 905 938 947 972 987 1007 1032 1044 1076
1090 1115 1132 1141 1170 1197 1216 1221 1254 1275
1295 1310 1327 1343 1362 1382 1405 1427 1450 1472
1483 1517 1533 1549 1575 1594 1609 1634 1649 1666
1695 1713 1730 1753 1764 1797 1806 1823 1851 1866
1895 1910 1927 1941 1961 1988 2017 2025 2051 2068
2094 2107 2138 2142 2165 2198 2201 2223 2254 2262
2289 2303 2336 2358 2378 2388 2410 2423 2444 2463
2498 2518 3 23 57
78 86 112 121 155 169 191 201 225 250
273 298 311 322 357 363 383 418 436 451
466 482 501 532 552 576 584 613 638 643
661 690 713 734 755 761 781 810 831 848
865 882 902 932 945 972 987 1007 1036 1057
1069 1083 1111 1134 1154 1168 1194 1207 1227 1248
1276 1288 1304 1324 1354 1378 1384 1414 1430 1446
1462 1497 1502 1537 1558 1575 1585 1612 1637 1654
1672 1684 1712 1737 1756 1761 1792 1803 1832 1857
1877 1890 1917 1937 1948 1973 1995 2018 2022 2049
2064 2090 2109 2136 2142 2170 2186 2217 2234 2248
2277 2296 2318 2328 2344 2364 2394 2401 2432 2447
2471 2490 2506 2521 15 37
48 68 83 105 131 142 169 181 210 230
254 269 295 318 321 346 363 386 401 429
441 474 490 518 535 544 562 591 607 628
651 677 692 706 730 743 770 791 806 831
848 868 897 918 927 944 962 982 1012 1022
1049 1074 1095 1110 1135 1157 1167 1189 1213 1226
1241 1277 1286 1306 1331 1347 1376 1386 1408 1434
1448 1469 1487 1504 1528 1551 1565 1587 1613 1621
1642 1662 1696 1714 1733 1752 1763 1793 1802 1836
1844 1873 1898 1905 1923 1945 1976 1981 2005 2037
2045 2068 2092 2116 2126 2141 2162 2189 2203 2229
2256 2278 2284 2314 2324 2358 2370 2391 2418 2434
2448 2473 2492 2508 2524 2543 4
28 52 76 81 107 122 156 169 185 214
233 246 272 294 312 323 347 374 393 408
437 444 470 495 503 537 549 578 587 604
633 641 666 691 703 734 746 767 782 818
831 852 878 881 914 933 941 968 985 1017
1022 1045 1078 1085 1112 1135 1144 1174 1183 1213
1229 1251 1276 1281 1304 1328 1354 1376 1382 1406
1430 1455 1461 1481 1512 1538 1555 1563 1592 1618
1626 1654 1669 1686 1711 1724 1753 1776 1790 1810
1828 1845 1870 1895 1903 1921 1948 1961 1985 2001
2029 2058 2072 2098 2105 2127 2153 2177 2195 2204
2221 2250 2271 2292 2304 2333 2345 2370 2398 2418
2424 2456 2461 2493 2507 2526 2556 2561 18 36 43 69 88 103 131 157 166 182
213 224 241 263 281 318 333 348 377 395
403 425 442 478 497 512 525 547 562 581
614 638 652 665 684 706 728 741 774 790
802 829 852 878 890 901 934 955 966 996
1015 1038 1055 1068 1094 1118 1124 1153 1178 1187
1201 1224 1258 1276 1293 1301 1326 1348 1374 1397
1409 1428 1455 1477 1496 1512 1527 1550 1568 1591
1607 1627 1654 1663 1692 1703 1737 1749 1761 1798
1816 1833 1849 1873 1891 1901 1930 1948 1962 1989
2012 2026 2050 2072 2095 2110 2123 2158 2164 2188
2201 2228 2253 2263 2281 2311 2325 2353 2366 2388
2417 2436 2453 2472 2490 2503 2523 2558 2564 2588
10 37 46 74 90 118 129 150 162
192 213 237 244 269 296 311 337 352 367
397 402 429 456 462 492 510 526 551 571
588 603 635 655 665 696 704 733 754 767
797 814 822 843 866 885 912 932 941 970
993 1011 1023 1053 1076 1092 1101 1121 1153 1174
1194 1210 1223 1241 1263 1295 1304 1332 1353 1368
1385 1402 1422 1441 1477 1487 1509 1537 1554 1571
1591 1601 1636 1649 1661 1685 1711 1723 1752 1766
1794 1803 1838 1853 1876 1886 1912 1935 1941 1974
1988 2010 2028 2056 2069 2096 2103 2137 2145 2175
2195 2202 2221 2243 2274 2286 2305 2322 2348 2368
2381 2416 2431 2444 2476 2497 2503 2526 2543 2572
2582 2610 11 34 41 66 81 106 121 148
174 194 205 223 249 262 288 312 324 349
372 383 407 431 441 465 491 510 524 547
567 587 607 638 657 672 698 718 730 756
766 781 809 830 844 864 897 911 929 955
977 981 1013 1026 1045 1062 1096 1115 1122 1146
1167 1196 1214 1234 1256 1269 1296 1308 1323 1349
1361 1397 1406 1421 1451 1474 1489 1518 1525 1544
1577 1584 1618 1623 1655 1669 1697 1708 1734 1757
1762 1786 1818 1826 1848 1867 1896 1916 1928 1951
1973 1992 2002 2030 2056 2067 2092 2115 2135 2148
2178 2197 2217 2228 2244 2268 2288 2303 2330 2344
2361 2382 2409 2430 2455 2466 2482 2517 2527 2550
2578 2597 2602 2629 9 21 41 63 95 114 137
149 173 184 216 231 244 271 289 310 321
349 373 387 405 431 445 465 496 503 527
556 564 587 618 630 654 676 689 710 735
744 770 785 812 823 858 865 893 901 930
950 972 992 1010 1034 1050 1074 1087 1115 1121
1145 1164 1182 1203 1237 1253 1262 1291 1305 1330
1350 1365 1392 1417 1427 1445 1467 1483 1515 1521
1551 1561 1589 1604 1636 1650 1678 1694 1711 1730
1752 1768 1785 1814 1825 1858 1863 1889 1902 1930
1943 1976 1998 2003 2021 2044 2064 2098 2106 2127
2146 2173 2194 2209 2232 2252 2277 2292 2309 2338
2354 2361 2397 2409 2422 2447 2475 2490 2507 2531
2558 2573 2582 2610 2632 2642 15 38 49 63 98 110
138 149 167 195 201 222 250 274 282 310
338 353 370 388 411 435 451 462 487 509
538 546 569 595 612 637 646 662 685 710
728 748 771 790 807 823 843 864 894 905
928 947 963 983 1009 1036 1055 1074 1088 1111
1129 1149 1175 1187 1210 1233 1246 1276 1292 1303
1337 1342 1367 1383 1408 1437 1442 1471 1490 1501
1529 1547 1573 1587 1615 1630 1651 1678 1688 1702
1730 1742 1765 1785 1813 1823 1846 1870 1885 1903
1926 1945 1969 1992 2014 2035 2058 2069 2091 2108
2127 2147 2171 2196 2201 2235 2243 2268 2283 2315
2333 2342 2367 2384 2402 2424 2455 2474 2482 2511
2532 2554 2570 2593 2601 2627 2655 2662 1 21 47 61 86
111 137 149 175 191 215 228 249 272 291
310 321 354 372 398 404 436 449 469 493
518 527 545 576 590 604 625 654 664 692
702 728 753 763 788 810 835 847 875 888
903 938 955 977 982 1005 1027 1047 1064 1093
1114 1136 1145 1171 1195 1216 1222 1251 1270 1294
1303 1322 1355 1366 1396 1403 1430 1450 1467 1488
1502 1530 1551 1572 1593 1607 1622 1642 1666 1689
1707 1733 1752 1770 1785 1818 1830 1852 1865 1898
1916 1934 1957 1963 1991 2007 2027 2052 2075 2081
2110 2134 2147 2170 2185 2201 2237 2257 2262 2282
2315 2331 2358 2370 2390 2413 2436 2451 2478 2483
2504 2532 2548 2566 2583 2614 2623 2642 2668 2682
3 27 58 64
90 108 138 156 165 198 211 231 244 269
291 313 335 350 366 397 403 436 455 473
481 511 532 555 574 594 617 635 645 670
697 705 730 747 765 798 815 822 842 868
891 918 925 942 974 983 1002 1021 1041 1073
1086 1101 1128 1143 1163 1192 1206 1229 1257 1278
1291 1318 1328 1356 1364 1397 1410 1432 1458 1467
1497 1502 1531 1555 1561 1589 1614 1626 1648 1676
1687 1711 1732 1743 1764 1790 1816 1833 1853 1862
1888 1903 1932 1951 1964 1986 2009 2035 2044 2063
2085 2105 2130 2145 2172 2198 2208 2226 2248 2271
2291 2307 2337 2348 2376 2384 2405 2422 2445 2470
2498 2505 2538 2544 2569 2598 2609 2624 2651 2666
2684 2702 11 28 48
75 87 114 129 146 165 197 208 233 251
262 297 301 322 358 366 386 413 431 447
462 495 513 521 554 576 587 618 633 641
668 681 708 727 753 763 798 801 824 851
877 888 903 938 944 971 998 1003 1028 1048
1070 1097 1111 1127 1144 1168 1184 1203 1221 1247
1277 1281 1314 1337 1357 1361 1394 1401 1426 1445
1476 1492 1513 1538 1557 1574 1581 1615 1635 1642
1667 1690 1714 1735 1745 1767 1783 1816 1838 1857
1869 1894 1904 1926 1942 1963 1988 2014 2024 2057
2072 2092 2118 2126 2145 2166 2188 2208 2232 2242
2268 2295 2313 2327 2358 2377 2395 2408 2433 2455
2473 2487 2501 2529 2553 2571 2588 2618 2635 2658
2661 2685 2714 2735 18 29
55 78 88 105 128 148 166 192 216 234
256 272 283 314 334 351 361 395 417 424
443 472 492 508 532 556 564 589 610 625
641 665 686 702 724 754 773 797 812 832
854 876 884 901 924 954 966 993 1003 1032
1049 1066 1091 1113 1122 1142 1167 1188 1210 1233
1254 1276 1292 1304 1321 1343 1373 1391 1414 1437
1448 1465 1496 1502 1527 1545 1572 1582 1615 1630
1644 1673 1694 1709 1728 1742 1766 1792 1810 1831
1848 1869 1891 1908 1922 1945 1967 1996 2002 2032
2044 2075 2094 2114 2127 2144 2162 2195 2205 2221
2247 2276 2293 2318 2332 2353 2365 2396 2406 2438
2449 2465 2494 2512 2538 2541 2574 2598 2601 2621
2648 2671 2687 2718 2728 2743 11
36 58 61 91 111 125 145 167 181 208
235 257 270 298 303 331 358 371 382 409
433 458 473 493 505 522 545 575 582 610
632 642 663 687 715 736 758 768 791 802
833 846 862 898 917 929 949 969 982 1011
1036 1057 1072 1097 1110 1131 1141 1171 1194 1202
1231 1244 1268 1283 1316 1338 1355 1370 1394 1410
1425 1455 1477 1498 1502 1521 1558 1573 1589 1616
1636 1645 1673 1697 1711 1723 1747 1766 1786 1817
1828 1852 1861 1897 1916 1934 1945 1966 1995 2009
2025 2049 2069 2093 2118 2127 2147 2170 2184 2211
2229 2250 2270 2297 2311 2337 2357 2371 2387 2411
2438 2442 2464 2495 2517 2538 2551 2568 2596 2609
2636 2641 2675 2684 2701 2736 2757 2768 17 21 56 67 85 109 124 153 161 190
202 224 247 277 289 304 330 357 364 384
418 424 456 469 487 508 534 545 573 587
611 623 648 666 687 714 736 747 770 797
811 824 843 871 892 904 925 956 976 997
1003 1029 1051 1076 1081 1114 1121 1149 1161 1190
1210 1237 1250 1272 1282 1313 1334 1356 1376 1384
1404 1434 1457 1463 1494 1509 1531 1545 1569 1586
1610 1638 1641 1673 1696 1710 1726 1752 1766 1792
1815 1826 1842 1878 1882 1918 1938 1942 1974 1994
2006 2037 2045 2061 2092 2110 2125 2150 2177 2192
2215 2222 2248 2273 2291 2310 2337 2347 2376 2397
2413 2431 2454 2461 2494 2504 2528 2558 2578 2585
2613 2638 2655 2676 2682 2712 2721 2749 2765 2792
4 31 54 61 92 114 134 144 178
181 209 238 250 265 286 312 321 358 378
389 401 428 455 468 482 501 525 549 575
598 606 635 658 667 697 701 734 754 765
787 802 827 852 864 892 915 923 943 968
986 1012 1035 1056 1065 1085 1104 1122 1153 1168
1195 1214 1230 1254 1271 1283 1311 1325 1345 1373
1396 1402 1434 1451 1478 1490 1508 1533 1547 1561
1589 1608 1633 1654 1671 1687 1707 1723 1756 1776
1791 1805 1837 1854 1867 1891 1913 1926 1947 1963
1988 2015 2037 2055 2065 2084 2108 2128 2145 2172
2187 2216 2234 2253 2276 2298 2308 2338 2347 2378
2381 2406 2421 2447 2461 2483 2511 2531 2555 2566
2595 2603 2626 2645 2661 2686 2702 2727 2748 2764
2787 2803 17 27 56 65 88 103 121 152
175 192 212 223 256 269 290 305 325 346
375 382 410 427 441 473 497 514 527 550
570 588 610 633 658 678 687 712 721 753
771 781 815 838 844 861 896 901 928 953
977 987 1006 1021 1053 1069 1085 1109 1128 1147
1162 1181 1204 1225 1252 1276 1297 1301 1327 1355
1374 1398 1414 1422 1444 1471 1486 1512 1537 1543
1571 1582 1609 1623 1654 1674 1690 1709 1738 1747
1771 1795 1813 1825 1856 1872 1898 1914 1928 1942
1967 1982 2001 2034 2055 2076 2091 2101 2124 2154
2161 2198 2212 2237 2241 2264 2285 2314 2326 2351
2378 2389 2403 2423 2453 2461 2493 2509 2531 2548
2564 2589 2606 2626 2657 2671 2681 2704 2732 2741
2772 2789 2815 2831 1 23 56 76 90 111 133
143 169 194 202 235 257 263 285 306 325
349 364 388 403 422 445 467 494 502 530
555 567 585 605 638 652 678 695 711 733
756 769 784 814 836 846 873 893 913 937
941 967 993 1007 1024 1041 1075 1091 1110 1123
1158 1165 1188 1204 1232 1258 1263 1295 1306 1332
1342 1369 1383 1403 1421 1447 1473 1495 1518 1529
1546 1576 1593 1611 1634 1658 1661 1688 1704 1723
1743 1768 1798 1803 1832 1857 1873 1884 1910 1928
1941 1972 1988 2010 2026 2048 2061 2081 2110 2124
2156 2165 2198 2202 2221 2244 2263 2289 2312 2337
2343 2374 2388 2402 2425 2456 2470 2496 2508 2536
2552 2564 2581 2613 2629 2653 2673 2691 2703 2730
2754 2778 2785 2802 2822 2851 3 35 49 63 84 109
133 147 174 189 203 228 246 272 281 317
333 357 377 397 415 424 446 464 498 504
528 547 569 590 608 625 657 661 689 707
723 757 768 797 809 824 856 868 891 907
938 958 961 992 1017 1027 1042 1072 1088 1112
1129 1148 1165 1191 1214 1227 1257 1278 1285 1311
1332 1355 1366 1394 1415 1428 1454 1468 1493 1517
1528 1543 1573 1598 1603 1623 1644 1664 1697 1702
1732 1752 1775 1790 1811 1829 1849 1864 1883 1905
1935 1958 1970 1988 2009 2025 2043 2072 2083 2110
2134 2144 2169 2194 2215 2234 2243 2273 2283 2315
2328 2357 2372 2388 2402 2427 2441 2461 2495 2514
2528 2557 2567 2590 2607 2634 2646 2673 2687 2718
2722 2751 2765 2787 2814 2828 2846 2871 10 21 43 61 91
112 132 147 164 196 203 234 243 267 290
312 337 358 366 384 404 429 451 466 491
505 534 554 573 581 606 637 642 674 686
716 735 741 767 798 813 830 847 861 897
909 933 952 973 998 1001 1029 1057 1065 1095
1112 1132 1145 1167 1190 1216 1224 1245 1276 1282
1308 1324 1355 1364 1394 1415 1432 1453 1478 1493
1513 1522 1551 1576 1593 1612 1636 1641 1675 1684
1711 1738 1744 1765 1796 1810 1831 1854 1865 1896
1915 1928 1957 1974 1995 2005 2031 2046 2069 2095
2105 2136 2149 2172 2192 2210 2226 2245 2266 2288
2313 2328 2355 2375 2388 2418 2435 2457 2474 2492
2514 2537 2556 2571 2596 2602 2622 2657 2671 2693
2716 2730 2749 2770 2783 2814 2827 2852 2878 2896
5 26 42 64
81 101 135 147 169 186 213 227 250 264
289 306 336 352 368 385 416 422 454 471
495 501 523 550 565 594 601 630 653 664
694 709 734 758 762 784 804 826 848 873
890 917 937 943 961 987 1006 1022 1050 1067
1089 1101 1136 1152 1171 1189 1217 1235 1250 1277
1284 1318 1335 1348 1362 1383 1403 1438 1447 1469
1490 1517 1521 1553 1568 1581 1607 1621 1641 1676
1695 1713 1726 1755 1765 1789 1812 1830 1845 1863
1886 1910 1936 1948 1965 1986 2005 2024 2041 2078
2092 2106 2138 2150 2166 2185 2211 2237 2256 2273
2293 2309 2338 2347 2374 2391 2407 2424 2441 2465
2481 2508 2527 2545 2575 2594 2605 2638 2657 2664
2688 2704 2733 2743 2767 2789 2807 2833 2843 2867
2893 2901 18 33 50
74 84 112 131 150 172 184 203 235 250
265 282 314 328 349 362 386 406 428 446
474 486 503 531 555 563 598 617 621 654
676 693 702 738 743 762 783 808 832 846
864 891 914 924 950 966 992 1005 1026 1057
1070 1088 1113 1133 1155 1175 1188 1207 1230 1251
1272 1291 1311 1330 1346 1376 1386 1408 1426 1449
1470 1481 1517 1529 1550 1562 1598 1604 1636 1649
1664 1684 1711 1724 1752 1769 1791 1814 1823 1850
1867 1892 1904 1938 1948 1976 1991 2003 2036 2047
2074 2085 2107 2124 2157 2173 2193 2207 2238 2256
2271 2288 2311 2328 2355 2374 2381 2408 2421 2441
2477 2496 2511 2521 2543 2562 2592 2611 2632 2650
2677 2685 2702 2728 2752 2766 2784 2817 2830 2845
2863 2894 2901 2937 12 37
51 64 83 114 130 154 163 188 210 233
248 273 290 312 330 355 365 390 402 432
455 473 487 502 522 546 563 593 613 627
644 667 690 706 738 757 763 786 806 824
842 873 897 901 925 945 963 985 1006 1035
1045 1068 1089 1116 1127 1143 1170 1182 1201 1222
1242 1261 1283 1306 1329 1358 1362 1389 1408 1423
1446 1476 1490 1507 1537 1558 1578 1595 1603 1623
1656 1665 1688 1704 1738 1751 1772 1795 1818 1828
1842 1862 1895 1918 1932 1945 1972 1983 2007 2037
2044 2068 2091 2110 2122 2145 2161 2196 2216 2238
2249 2262 2288 2317 2336 2350 2361 2395 2413 2421
2456 2469 2497 2502 2531 2556 2575 2589 2613 2633
2648 2670 2693 2714 2738 2758 2778 2790 2817 2821
2855 2868 2894 2908 2925 2950 12
22 47 68 95 102 128 155 167 195 206
226 248 271 293 304 323 346 369 391 411
431 452 476 485 514 533 546 577 589 615
621 652 670 696 715 737 742 761 782 806
836 847 862 897 915 936 947 976 983 1013
1028 1057 1066 1098 1110 1126 1158 1164 1185 1210
1233 1247 1278 1284 1318 1330 1347 1371 1395 1415
1437 1447 1468 1487 1508 1534 1548 1567 1598 1609
1629 1647 1664 1681 1717 1734 1747 1769 1798 1801
1836 1845 1869 1889 1908 1935 1949 1975 1992 2006
2021 2050 2076 2081 2118 2138 2146 2165 2194 2216
2235 2251 2263 2291 2308 2331 2350 2374 2383 2414
2421 2443 2470 2485 2513 2536 2556 2568 2584 2614
2621 2656 2675 2698 2707 2725 2745 2768 2786 2804
2828 2843 2874 2885 2913 2933 2955 2973 
