544 517 696 527 720 686 540 743 701 693 508 705 672 720 708 506 705 690 696 716 662 469 693 665 671 693 680 671 479 1017 701 711 735 700 684 694 470 707 973 704 691 682 663 708 717 479 727 684 997 718 673 687 698 694 714
503 709 713 719 1034 726 699 711 717 738
745 462 705 714 692 701 965 713 688 699 676
694 698 490 715 710 715 725 700 989 713 736 714
717 726 689 528 720 703 736 720 696 690 986 729 693
701 736 698 722 536 37 702 704 722 691 708 692 1009 688
731 718 706 699 708 527 716 50 709 727 674 687 695 695 983
678 704 726 728 688 722 538 720 727 68 727 711 693 681 727 681
1010 702 718 732 745 704 748 532 731 696 717 58 673 711 694 735 683
683 1027 721 716 707 710 721 750 531 713 694 726 736 39 669 687 722 693
701 729 989 725 722 700 697 714 703 507 711 686 677 681 685 62 677 680 665
702 731 691 988 681 712 684 677 679 693
467 712 659 687 691 683 696 48 677 718
683 717 686 690 987 711 688 700 691 692
702 503 1041 732 734 722 699 712 726 65 716
703 763 731 740 731 1031 727 750 721 722
707 708 472 725 982 726 719 700 685 716 708 52
704 722 668 703 699 707 991 703 711 711
689 724 708 487 713 710 1005 734 686 682 729 719 698
60 739 691 731 678 717 703 1016 699 713
698 716 728 687 473 688 706 728 1004 678 686 717 698 700
695 78 700 693 686 695 696 711 994 682
719 720 740 683 687 453 690 704 690 705 956 689 666 698 673
683 682 39 700 706 692 716 715 723 978
669 665 733 665 679 685 472 706 704 715 725 676 971 701 720 696
693 703 688 34 710 691 721 730 714 701
971 678 724 684 707 669 698 529 725 709 719 710 677 689 984 724 685
716 744 716 720 41 712 695 727 697 702
681 986 724 692 695 694 724 708 511 56 690 686 705 662 681 667 984 664
713 701 699 690 699 34 710 685 693 671
686 687 1006 684 700 678 684 681 701 521 712 62 678 729 697 708 692 693 980
703 693 699 702 687 718 62 719 726 719
703 685 726 987 727 688 690 697 694 708
505 696 684 62 703 678 688 660 705 677
976 681 703 688 718 679 706 53 724 683
674 676 728 698 983 687 700 687 701 660
677 515 731 678 700 48 692 709 662 714 684
679 1012 685 700 720 712 704 735 56 721
676 658 703 710 697 982 687 700 711 695
707 709 544 730 687 714 734 63 695 721 724 715
729 746 1000 715 703 715 690 704 701 62
716 725 722 733 741 699 991 693 681 687
711 671 721 541 742 709 726 711 710 69 710 698 693
704 752 716 1024 699 745 705 727 708 718
51 734 724 715 698 739 693 1007 700 720
727 724 706 743 473 690 691 690 695 684 669 38 705 691
689 719 691 722 991 689 720 698 695 691
676 68 735 698 718 722 668 709 990 664
719 678 664 727 708 501 1040 714 714 746 718 717 710 38 736
722 736 713 735 746 1031 709 731 748 741
712 692 64 727 748 718 714 720 740 1006
705 709 726 740 731 722 498 729 1004 744 709 701 713 719 741 59
720 765 700 708 730 708 1015 721 699 712
716 727 738 59 704 726 698 690 722 685
1012 715 700 735 743 700 759 469 709 704 991 738 680 680 708 700 686
59 714 676 712 681 714 697 1001 704 707
697 695 711 674 35 663 664 688 697 697
719 969 701 735 698 698 729 692 476 702 710 715 1008 683 679 722 689 700
712 70 700 705 685 709 699 698 998 687
712 727 731 684 704 30 685 681 692 691
691 675 986 703 732 728 708 728 680 461 701 710 693 695 962 701 699 699 675
689 701 25 697 681 701 721 719 715 986
679 698 731 668 685 701 47 696 700 694
695 704 680 996 703 702 714 701 670 701
461 682 685 712 694 695 959 699 727 696
676 715 649 55 691 666 703 731 685 722
957 678 732 685 689 681 660 61 691 658
678 687 669 714 992 708 728 691 671 694
657 510 709 715 719 693 666 668 966 715 652
691 737 700 716 54 695 702 726 679 691
659 968 715 659 668 686 708 703 41 684
702 701 694 674 678 970 733 688 671 684
684 685 524 51 678 714 724 677 669 696 994 692
702 699 701 720 682 61 695 714 710 686
675 716 1017 711 686 675 686 709 688 61
695 689 712 702 705 694 1018 715 684 689
695 685 671 549 714 51 698 734 714 728 692 729 1008
721 725 722 721 725 721 74 740 732 736
723 686 762 1016 747 722 712 717 732 711
50 698 713 728 747 720 741 1039 739 726
718 697 740 698 548 734 730 69 733 710 714 686 730 695
1021 713 735 726 756 717 751 29 754 713
699 704 751 716 1028 721 733 725 737 699
722 50 740 701 749 704 732 733 1013 708
737 727 737 728 742 529 721 704 711 56 683 720 675 743 674
689 1025 710 705 725 700 731 743 38 712
688 672 730 702 705 993 712 704 715 683
734 717 47 712 719 675 755 689 709 998
705 675 697 702 739 748 511 723 680 723 732 42 674 671 690 687
679 711 971 697 717 710 682 713 699 45
698 673 689 702 694 663 961 673 698 681
704 680 714 77 723 675 707 705 686 669
969 695 687 696 722 711 707 520 716 705 716 729 683 24 684 695 672
689 708 715 1005 699 719 700 713 724 690
67 709 724 693 683 695 691 987 700 693
722 709 722 717 58 682 729 721 682 689
703 974 677 679 742 735 733 694 487 719 692 711 730 707 682 56 698 717
691 707 693 733 1008 720 719 719 730 714
691 64 730 722 722 713 669 720 1008 695
718 699 698 750 721 51 714 726 700 719
704 720 989 723 719 725 712 695 694 480 1016 688 715 711 696 712 723 70 726
688 739 700 705 698 1007 682 735 711 721
706 704 62 718 712 717 702 691 692 983
679 710 691 718 725 734 66 749 696 708
700 696 686 993 716 736 720 687 724 729
464 736 973 707 704 691 661 683 685 60
710 725 667 717 721 718 984 684 697 702
664 692 686 57 697 690 663 698 713 693
980 680 695 725 692 665 704 79 683 690
668 700 680 722 1008 697 687 693 670 689
699 474 708 709 995 733 668 699 712 710 686
60 727 693 697 683 711 703 1006 697 696
716 698 719 674 45 674 682 673 698 694
726 972 695 723 719 702 738 690 35 692
688 657 672 683 745 1017 702 675 702 706
703 684 461 688 684 704 993 693 659 691 680 706
700 51 670 706 695 696 674 689 985 698
691 696 726 690 694 59 654 683 704 679
665 667 971 716 712 698 701 734 669 52
672 693 696 676 699 701 984 680 668 687
702 694 682 489 739 713 711 722 992 724 705 701 716
710 714 47 717 718 740 725 740 742 1016
702 702 735 708 708 719 60 717 738 733
697 725 705 1026 726 709 715 741 693 718
52 678 723 734 720 757 732 998 726 708
703 706 711 687 475 709 707 697 721 695 974 706 722 697
714 708 673 25 708 693 725 714 713 720
973 684 726 685 727 677 684 36 707 683
698 671 698 711 1010 715 721 692 708 688
681 57 702 713 719 709 703 693 990 726
692 699 694 689 702 542 731 742 745 734 689 706 1000 740 674
715 744 725 725 53 718 728 751 720 714
699 1002 739 679 691 692 733 712 46 708
727 725 734 695 717 1005 757 709 693 690
709 695 46 694 765 761 738 710 716 1023
709 703 694 704 748 711 524 40 685 718 710 688 699 679 999 690
701 717 693 694 706 38 706 720 697 698
704 697 1021 708 687 693 679 685 711 48
703 694 698 714 735 676 1021 710 685 707
688 659 694 55 705 733 687 707 710 705
996 719 682 694 727 688 718 522 708 38 700 730 683 695 675 697 982
683 695 715 716 706 715 35 739 726 704
693 668 731 990 708 689 704 709 712 704
48 697 707 699 715 701 711 1013 701 693
710 691 719 690 52 742 734 689 709 699
686 981 707 666 713 713 745 699 531 715 713 58 718 707 681 676 721 683
1002 700 710 733 737 698 734 18 740 711
665 695 744 705 1008 709 707 731 720 680
706 50 726 701 714 693 725 723 993 695
711 731 719 708 726 40 734 710 701 714
728 686 998 686 732 715 744 714 726 518 719 699 710 66 665 701 687 728 661
673 1013 710 707 695 698 723 740 22 695
669 685 715 689 688 980 712 705 685 680
728 715 63 694 698 688 742 677 693 984
703 676 666 698 735 746 39 690 713 723
705 675 686 971 732 704 707 685 728 732
553 728 703 754 736 55 681 697 740 714
703 761 1011 745 743 714 706 743 701 39
705 701 738 733 717 714 1000 722 723 686
732 711 721 78 729 700 758 732 712 720
1007 742 712 700 746 742 711 67 701 723
738 723 700 730 1037 742 735 712 715 740
693 535 742 718 695 720 702 63 709 688 675
728 734 717 1017 692 743 715 692 718 708
48 734 715 698 721 722 694 1000 691 718
733 691 716 732 50 708 721 727 720 713
704 987 670 706 755 715 728 714 61 721
717 673 740 694 727 1002 708 737 724 680
708 721 476 718 674 708 732 703 687 66 685 722
680 691 683 715 998 719 701 718 732 711
697 58 718 725 712 698 659 702 998 695
699 696 700 746 726 73 701 731 689 704
694 702 980 722 700 723 714 692 699 30
715 694 695 671 697 708 1013 704 681 713
725 721 727 480 1015 694 689 714 697 683 708 45 716
710 732 698 733 710 1006 689 707 716 719
676 692 62 710 734 713 699 718 703 981
686 685 695 718 695 719 48 742 717 703
698 724 696 991 723 709 724 688 695 714
57 687 726 695 701 719 721 996 692 701
709 737 685 702 497 755 1007 724 729 713 700 721 714 60
741 745 692 723 730 735 1017 699 722 723
703 730 713 46 726 709 689 705 721 712
1012 696 721 745 731 704 732 61 712 709
692 708 689 741 1040 712 712 714 708 728
725 46 712 716 731 705 710 738 1014 702
700 745 711 732 715 500 729 712 1018 732 688 688 713 721 715
38 760 709 744 715 733 706 1029 696 714
705 699 730 705 47 710 696 720 730 716
732 997 694 744 704 702 750 720 59 727
703 703 704 703 749 1041 702 695 690 705
716 712 62 715 725 741 728 703 711 1021
686 716 729 695 738 742 468 691 696 688 995 673 663 713 685 697
722 73 697 705 677 697 686 671 987 676
695 719 728 683 715 55 681 682 684 679
676 649 975 691 717 720 704 727 691 32
697 694 676 677 711 681 987 659 674 712
705 688 703 55 714 688 683 697 679 668
973 709 697 697 698 707 738 457 707 692 689 703 960 696 672 687 690
688 689 37 700 705 708 705 716 722 983
674 670 722 683 686 693 29 698 724 701
678 700 685 995 699 676 703 715 670 693
45 660 708 702 700 733 712 966 698 676
691 680 688 660 38 684 734 695 693 708
712 1005 700 665 688 706 702 688 487 727 713 718 712 711 988 702 723 710
710 736 676 34 732 711 732 737 705 737
986 678 727 699 725 705 687 53 730 702
705 694 687 728 1022 711 722 704 706 716
684 58 725 731 724 731 693 708 1004 722
693 711 692 716 703 42 735 705 719 738
696 757 1016 704 721 718 737 717 686 517 733 707 700 698 677 686 973 701 671
720 740 701 709 60 720 694 708 687 703
676 974 700 678 700 692 710 698 33 708
692 682 699 682 696 979 717 708 701 689
685 681 52 697 730 718 705 698 696 997
669 698 703 700 722 695 63 719 711 701
674 724 686 988 680 707 735 680 709 718
520 46 689 702 706 671 688 676 993 677
708 713 701 696 701 28 709 703 692 681
693 695 1014 696 695 689 687 686 704 22
707 677 694 697 725 673 1015 698 692 702
697 662 687 51 709 716 683 690 700 703
991 707 689 690 735 689 711 29 703 697
680 694 725 703 989 725 710 691 703 707
712 532 698 64 710 732 706 694 704 719 988
684 704 703 730 686 705 50 751 728 728
689 698 753 996 707 697 693 724 694 696
57 709 710 722 711 729 734 1020 701 701
697 702 701 679 64 755 737 714 706 728
706 989 708 674 701 726 727 689 51 736
730 739 721 710 713 1022 711 688 681 733
694 693 532 708 698 59 719 694 690 679 728 697
1001 700 723 722 733 691 719 39 740 698
675 697 751 720 1008 708 720 721 716 673
691 35 726 686 725 697 732 737 994 695
724 721 716 701 711 40 734 697 711 719
733 701 998 686 745 705 741 707 711 33
731 726 692 717 707 718 1021 667 721 728
698 690 722 505 709 673 697 59 667 681 670 717 668
665 999 689 708 691 689 697 729 37 697
649 668 706 695 681 967 691 706 682 671
703 703 47 696 678 671 731 686 685 971
683 676 664 687 709 735 49 692 694 706
695 681 680 957 710 704 706 675 702 720
35 696 689 708 698 707 678 960 690 696
672 671 704 719 527 721 677 724 727 39 689 681 712 706
697 734 986 701 725 707 681 715 694 41
712 683 710 723 712 687 976 678 705 679
703 681 711 56 738 686 729 724 706 693
983 699 696 695 719 712 702 36 710 708
708 714 693 703 1012 697 718 705 688 712
686 53 729 704 709 735 713 682 980 713
705 688 713 697 688 531 744 694 717 727 679 45 693 679 695
700 724 733 1014 704 747 689 715 723 686
69 716 707 717 696 711 709 996 703 721
712 711 720 712 53 692 713 745 695 704
721 984 683 707 732 736 733 691 45 703
709 692 715 684 742 1000 721 738 699 703
713 697 59 708 678 731 702 688 715 1013
699 727 697 713 693 706 488 717 670 683 722 700 708 47 699 735
715 711 699 706 1007 716 701 693 723 707
715 42 731 740 748 719 677 694 1006 692
696 671 690 740 747 74 713 744 726 725
710 694 988 722 696 698 704 689 721 61
727 708 730 693 714 699 1022 703 679 689
717 717 746 57 713 745 731 716 682 694
994 701 710 691 700 699 729 495 1032 707 727 711 710 694 714 51 728
696 759 708 747 727 1023 702 745 712 733
687 696 44 721 721 739 709 732 721 998
701 723 692 734 704 725 59 751 705 730
708 737 713 1008 736 747 721 701 705 719
57 698 713 721 710 733 739 1012 705 739
706 749 696 706 46 726 723 726 698 733
699 1006 726 745 695 722 688 720 456 707 964 711 682 681 668 674 704 50
693 734 663 697 716 688 975 689 673 692
670 682 703 59 679 698 659 679 708 664
972 684 672 716 698 655 723 54 666 699
664 679 675 693 998 702 663 684 676 681
714 47 666 703 703 681 699 688 973 691
651 713 682 686 705 66 694 697 677 692
695 676 980 706 658 704 700 700 715 479 739 681 998 742 693 680 709 682 723
49 724 678 728 693 745 672 1012 709 721
696 694 694 711 67 675 666 704 710 728
697 978 703 748 696 701 711 730 57 692
673 687 685 714 717 1023 715 699 681 701
677 717 78 679 692 724 708 715 677 1003
699 725 719 689 699 748 66 703 670 721
713 723 678 1003 689 718 692 726 685 702
487 697 704 715 1017 696 671 699 705 720
724 39 704 727 722 705 694 698 1009 698
705 705 750 705 718 63 687 704 730 687
686 676 996 717 726 705 725 748 694 56
706 716 722 685 719 709 1008 680 681 694
728 708 706 39 721 710 730 704 686 695
995 730 707 679 720 729 739 56 694 738
727 699 696 695 981 704 696 700 747 717
704 494 737 701 707 698 991 703 705 703 725
712 738 77 741 716 739 713 737 720 1015
678 703 737 720 711 742 81 740 735 732
687 723 682 1025 701 709 718 752 698 741
71 700 720 731 708 755 711 998 705 710
705 716 716 709 50 725 747 725 702 728
710 1036 704 700 701 743 727 736 61 726
720 734 688 741 687 1012 720 716 710 713
695 742 459 718 685 712 698 677 959 694 692 697
675 713 669 52 698 702 702 731 688 704
958 670 695 685 691 679 680 45 697 692
678 687 672 695 993 703 692 692 672 691
677 56 692 719 699 725 679 675 975 714
661 698 658 691 696 54 702 695 691 731
679 723 987 695 690 706 704 691 679 47
685 697 705 721 680 680 983 688 702 679
686 713 719 550 747 741 728 735 704 712 1008 736 688
743 752 723 731 58 733 727 735 723 729
703 1010 736 693 720 703 733 720 40 723
724 710 737 708 722 1014 752 724 722 700
707 703 62 710 763 745 741 724 722 1032
704 716 724 713 745 717 41 734 744 728
711 751 712 1022 715 722 757 692 732 741
44 727 726 724 709 732 726 1029 735 713
736 739 743 709 546 27 694 732 734 697 708 690 1019 711
717 722 716 715 725 43 714 734 720 705
714 709 1042 729 703 700 701 706 730 58
713 708 722 722 745 687 1042 731 701 714
711 681 713 54 714 747 711 715 719 716
1018 740 698 701 749 709 736 29 708 728
708 719 746 716 1017 759 718 703 717 726
739 40 697 720 699 713 747 714 1033 710
731 710 747 717 753 540 704 54 686 709 683 715 708 723 991
714 733 732 713 688 708 67 728 705 706
709 702 753 1001 738 725 723 709 693 698
62 685 689 695 733 734 735 1023 732 728
726 689 701 685 56 730 714 693 730 737
707 994 736 704 731 711 727 694 70 714
708 716 741 719 714 1026 742 713 712 718
692 696 71 698 683 689 719 714 728 984
711 724 719 690 725 703 535 731 712 49 699 712 708 700 715 691
1006 725 711 712 720 712 733 60 723 718
690 717 735 713 1013 731 711 712 701 695
703 59 708 704 739 718 717 730 999 718
711 711 702 723 724 56 717 716 729 740
717 695 1002 711 732 695 727 728 725 58
714 746 707 738 692 710 1027 692 710 717
681 711 735 57 703 717 730 713 730 700
1008 721 729 710 709 743 710 515 725 674 706 57 672 696 666 717 684
671 1011 701 710 712 706 699 739 36 701
663 663 705 711 689 980 703 709 703 688
705 713 32 701 693 668 730 700 693 984
695 679 685 705 710 745 44 696 709 702
694 695 687 969 722 708 726 692 703 730
45 700 704 704 698 722 685 972 701 698
692 688 707 730 27 692 707 695 695 672
696 993 699 682 730 715 685 714 550 750 709 752 726 54 678 710 715 705
701 768 1007 745 727 736 711 742 691 55
700 713 711 724 714 719 998 721 706 707
736 710 711 74 724 713 733 724 710 724
1004 741 695 721 752 740 702 68 698 736
712 713 698 735 1034 740 718 733 720 738
683 43 715 734 711 735 714 714 1002 755
706 716 744 725 686 63 692 731 723 704
722 737 1032 721 733 741 720 743 690 515 719 684 706 702 698 56 683 684 683
688 725 692 999 690 722 681 707 699 706
41 707 712 705 683 713 669 982 691 697
701 703 695 731 33 682 717 733 682 707
680 967 670 683 721 729 709 710 49 694
711 681 703 685 702 985 709 713 690 694
689 717 58 699 682 720 689 692 675 997
687 703 686 705 668 725 53 720 691 687
679 699 678 968 714 723 709 720 683 713
500 726 684 696 712 717 705 44 707 738
718 737 699 727 1019 726 715 707 714 725
711 46 739 745 751 745 677 716 1018 702
711 687 681 758 742 62 722 747 730 751
711 714 1000 731 710 712 695 707 718 55
736 711 735 718 714 721 1034 712 694 702
709 734 742 63 721 749 734 742 682 715
1006 710 723 706 691 717 726 36 727 702
730 726 714 709 1042 723 728 726 686 747
716 489 1023 696 691 733 687 705 702 53 730
722 726 722 723 731 1014 691 708 734 709
700 684 70 723 748 708 722 709 724 989
687 685 714 707 720 714 39 754 730 698
723 718 717 1001 724 708 742 676 717 708
68 700 737 691 725 710 741 1005 693 702
728 727 709 695 45 727 751 693 711 712
700 998 717 707 718 697 701 705 71 717
712 715 727 681 736 1025 716 694 717 701
706 715 503 765 1013 757 730 711 697 723 715 73
718 758 703 737 739 746 1023 733 721 722
702 730 712 56 703 719 700 718 731 722
1020 729 721 746 727 704 734 60 690 720
704 721 698 750 1049 746 712 713 705 727
726 54 690 726 742 720 719 747 1021 735
699 742 709 732 717 44 718 720 717 732
718 735 1029 750 706 735 728 748 726 66
726 740 753 718 734 768 1034 743 721 732
717 750 730 490 727 697 1008 749 678 676 725 707 716
53 728 704 740 686 732 688 1019 714 704
694 712 718 705 39 677 692 716 703 714
714 986 712 732 693 716 736 724 45 694
698 700 677 700 734 1030 721 684 678 718
702 713 60 683 720 736 700 702 694 1010
704 708 717 707 724 743 50 705 698 735
708 709 694 1010 696 703 689 743 710 697
48 707 723 700 729 717 726 1016 703 705
678 747 736 721 468 686 714 726 1000 679 656 700 693 685
691 80 694 717 697 694 704 708 990 682
691 706 736 669 682 45 677 693 705 676
697 686 978 702 710 704 714 713 658 47
695 704 695 673 731 719 989 665 665 695
715 674 670 52 712 700 703 692 697 705
976 714 693 681 709 695 704 62 685 727
702 687 705 706 963 689 682 704 734 683
670 52 734 702 714 698 734 730 975 719
685 729 705 704 672 484 706 700 679 702 979 693 714 716 708
724 714 72 730 687 707 711 708 724 1002
668 715 750 703 719 719 78 730 706 701
684 694 689 1011 693 719 731 736 706 717
58 690 691 700 706 726 715 986 695 721
717 702 725 686 68 714 717 695 701 699
714 1024 694 712 713 726 738 711 68 718
691 703 686 712 691 1000 712 726 724 698
707 720 56 711 713 717 715 700 704 1020
670 726 739 739 732 712 502 720 698 725 731 723 1000 737 746 741
721 733 681 47 710 705 716 745 723 749
998 715 750 730 734 702 693 70 710 698
688 701 707 738 1033 748 745 737 716 714
689 57 708 724 707 739 713 722 1015 758
713 745 702 714 708 57 715 699 703 745
715 770 1027 739 742 752 749 714 692 61
699 702 715 734 715 725 1024 730 756 726
730 736 731 71 721 720 699 723 718 769
1008 751 734 766 744 727 721 504 723 699 704 689 669 676 961 694 662
698 733 690 701 52 710 686 713 677 695
667 962 694 669 677 683 699 689 34 698
684 687 689 676 686 967 710 699 679 681
675 672 39 686 723 723 695 690 686 984
662 689 680 692 712 688 60 708 703 706
664 717 677 975 673 698 713 673 698 710
22 701 686 702 662 698 690 983 691 685
691 719 709 677 55 728 685 687 682 698
677 994 695 708 686 693 682 692 502 62 690 709 712 677 670 681 976 655
682 686 673 692 675 61 707 708 699 687
676 699 999 673 666 660 659 682 680 56
706 683 700 704 707 677 999 677 663 674
668 657 662 49 711 723 690 695 680 705
975 685 661 662 708 685 685 51 702 702
685 702 707 705 974 703 684 664 676 703
688 51 691 697 676 695 709 706 990 656
695 672 707 692 702 66 698 717 694 722
684 715 984 712 681 658 676 698 677 516 710 56 675 725 699 687 675 687 975
698 689 691 716 697 716 60 716 724 720
682 669 722 983 722 685 681 711 704 705
32 675 704 714 706 702 700 1008 715 688
687 691 711 692 54 720 731 705 701 700
676 974 722 661 688 712 737 701 41 702
726 732 713 681 681 1007 726 674 669 719
701 704 55 688 699 705 691 679 695 966
691 681 677 692 734 710 77 701 701 736
680 693 683 1015 709 693 675 703 694 703
532 729 691 43 708 706 694 695 707 705
1001 710 711 720 718 712 711 61 731 712
677 711 730 726 1008 717 710 719 700 695
682 54 716 698 726 714 710 745 994 704
711 718 701 721 703 60 726 709 715 734
711 708 998 696 731 702 726 727 704 52
723 740 693 731 685 725 1022 677 709 725
680 711 714 45 710 710 715 707 723 713
1002 706 727 717 708 742 689 34 720 737
706 721 686 757 1010 716 699 730 686 716
680 530 727 685 706 52 676 719 694 735 692
692 1024 716 704 703 706 710 739 25 705
687 691 722 719 708 992 719 704 693 689
714 713 53 702 717 696 748 708 713 996
710 674 677 707 719 744 42 701 733 731
710 706 706 983 738 702 717 693 714 730
40 704 727 732 715 731 706 984 718 693
683 689 716 729 44 695 731 722 713 682
717 1007 715 677 720 717 692 711 41 694
707 714 733 731 723 989 719 711 673 696
711 719 539 732 710 747 726 43 697 699 722 692
694 756 998 712 727 717 713 736 690 48
719 701 717 710 708 707 989 689 706 689
736 704 710 69 744 702 739 709 702 713
995 710 695 705 752 734 699 53 717 725
717 701 689 724 1025 709 717 715 721 733
682 47 735 723 719 721 708 703 993 724
706 698 745 720 686 44 714 719 731 690
716 725 1025 690 732 723 721 738 690 44
732 735 708 719 700 708 1013 737 698 704
738 733 693 543 742 700 722 714 721 79 684 701 708
710 753 711 1028 730 746 698 724 712 729
62 708 730 730 707 743 687 1011 731 721
719 721 707 755 46 682 734 757 707 737
699 996 710 707 737 746 721 733 71 694
730 705 728 713 719 1013 750 736 706 711
703 739 74 700 699 745 712 721 692 1025
727 726 703 722 682 748 65 721 708 711
703 727 694 997 754 745 726 738 695 736
42 715 723 741 702 714 688 1037 717 709
696 724 721 756 467 712 689 671 725 700 667 61 678 693
704 683 673 721 989 712 716 678 727 706
675 80 711 698 733 691 650 708 988 687
712 659 695 741 706 65 694 704 711 696
685 709 969 715 715 684 708 688 679 48
710 664 717 664 689 713 1003 699 696 673
719 718 704 56 693 703 719 688 657 710
976 696 725 679 702 701 688 68 700 658
713 671 691 702 1011 711 732 700 699 730
679 71 687 704 729 673 701 747 964 698
695 695 727 719 680 489 1025 693 718 732 701 689 697 25 735
698 731 711 743 738 1018 687 735 733 723
685 679 65 728 724 713 710 727 732 992
686 712 712 724 703 708 40 759 706 703
712 734 725 1002 722 737 741 690 701 700
68 704 715 694 712 729 750 1007 690 729
727 740 694 687 47 734 725 699 699 730
710 1001 713 735 715 712 684 701 44 722
686 719 714 699 746 1027 715 722 714 715
689 709 50 734 712 708 728 752 703 985
680 714 733 722 705 681 504 739 1012 726 725 723 709 712 739 63
747 757 690 723 748 719 1024 702 718 732
711 721 738 62 732 722 688 706 740 696
1019 699 717 755 740 693 757 49 718 723
692 707 707 727 1046 714 707 725 717 719
750 61 718 728 731 706 729 722 1021 705
697 754 721 724 740 39 748 721 706 718
726 709 1028 720 704 744 741 736 751 59
755 741 742 708 741 743 1031 713 718 745
729 739 752 62 750 707 726 752 717 689
1014 728 727 731 752 694 758 457 700 663 975 722 660 671 700 689 704
48 709 676 700 666 704 655 987 688 688
687 686 701 694 54 659 664 677 682 687
679 953 684 714 689 692 718 712 47 676
670 659 658 674 699 998 694 667 674 694
682 701 55 664 692 697 680 675 660 979
678 692 712 682 705 731 67 686 669 695
686 682 660 978 669 685 685 717 692 685
49 689 695 660 709 691 691 984 676 690
672 722 717 711 44 655 704 703 664 655
675 978 695 683 697 705 693 738 466 674 681 706 995 695 660 701 698 712
702 56 673 709 688 682 671 692 987 699
692 706 744 697 695 58 656 686 697 665
662 669 974 717 713 707 719 740 671 56
673 695 689 661 695 703 986 682 669 698
719 702 684 26 689 692 697 680 664 689
973 732 696 682 713 723 717 55 663 719
694 676 670 688 959 705 685 703 739 709
681 45 711 694 706 687 700 713 971 738
686 729 709 734 684 57 687 716 686 648
658 698 984 727 715 675 712 735 665 486 728 721 704 719 989 712 690 707 703
713 712 44 725 728 729 734 731 740 1012
690 689 742 695 711 717 42 724 747 722
707 717 703 1024 714 693 722 728 696 717
53 686 731 724 729 748 730 995 714 694
711 692 714 684 31 709 757 716 722 723
730 1034 715 683 708 718 727 712 33 711
732 724 710 737 708 1009 731 700 717 689
696 718 55 705 755 738 741 725 719 1031
690 699 732 729 723 709 67 717 721 697
697 724 736 1022 707 674 719 716 696 687
475 702 690 686 703 694 970 716 724 707
718 721 670 43 690 685 708 705 696 719
968 695 728 697 731 689 682 62 688 677
681 661 680 707 1004 726 723 704 713 699
677 56 685 705 701 699 686 693 987 739
692 711 700 700 698 38 694 681 697 706
687 740 997 721 719 718 746 698 681 59
677 682 709 695 687 696 996 710 734 692
729 722 720 64 699 702 691 683 691 739
980 731 711 733 741 713 708 46 670 679
696 691 683 708 1009 725 731 718 700 702
706 544 760 744 752 724 699 723 1005 719 680
714 760 722 715 68 747 730 760 711 725
715 1005 716 684 691 708 732 703 60 736
728 733 725 705 733 1010 735 714 693 706
706 686 66 724 767 769 729 719 733 1027
685 708 694 720 743 701 46 745 747 753
698 746 724 1017 699 714 728 700 731 724
60 739 730 750 698 727 737 1026 716 704
707 747 743 691 51 765 729 733 718 727
725 1038 720 723 700 719 715 705 58 713
739 733 708 726 765 1008 728 734 680 714
754 684 518 56 706 721 722 696 676 683 993 663
694 699 679 711 696 61 725 720 709 705
682 703 1016 681 677 675 663 700 702 62
723 696 710 724 712 679 1016 684 674 689
673 675 683 56 727 735 700 714 686 708
993 692 673 675 713 703 706 52 719 714
696 720 713 707 991 711 694 678 681 721
710 55 708 709 687 714 716 709 1007 662
706 685 712 711 723 62 716 730 704 740
690 718 1001 719 693 671 681 717 699 26
719 730 707 723 714 700 1002 695 667 662
701 698 735 539 706 62 683 739 710 699 697 720 995
720 704 711 734 703 713 66 724 737 731
693 692 755 1004 744 701 700 729 710 703
43 682 718 723 717 723 733 1028 737 704
706 709 718 688 44 727 745 717 712 723
709 996 744 677 708 730 744 698 54 709
739 742 724 705 713 1028 748 689 689 738
709 702 48 695 713 716 702 702 728 987
714 697 696 712 741 707 63 709 715 748
691 716 715 1037 730 709 692 720 702 702
36 687 725 749 708 718 713 1034 697 673
717 713 747 718 548 729 715 38 704 724 704 696 732 704
1018 736 717 734 740 712 737 53 728 729
685 714 753 727 1024 744 716 734 722 695
707 66 714 716 735 714 735 743 1011 731
717 732 722 723 727 54 722 728 725 737
735 708 1015 722 738 717 747 728 729 47
720 757 702 735 709 724 1038 704 715 738
702 711 739 50 708 728 726 709 747 712
1020 732 733 732 729 742 714 32 719 754
716 722 711 757 1028 742 704 745 708 718
705 40 717 750 732 697 739 726 995 724
730 705 754 730 711 519 746 678 704 56 688 687 669 702 688
679 1015 693 727 716 727 702 738 61 717
653 666 690 715 698 985 695 726 707 709
707 713 41 717 681 671 715 706 701 988
688 696 690 725 713 743 70 711 699 704
680 698 697 973 712 724 732 713 706 728
69 716 692 706 683 725 693 977 693 715
696 709 709 729 48 708 696 698 679 677
702 998 688 698 734 737 688 712 36 705
672 688 703 724 711 980 695 734 686 714
702 718 66 706 683 700 699 723 684 976
710 707 722 725 717 716 543 718 695 735 749 50 696 700 736 711
711 734 1002 717 729 705 698 724 716 31
720 703 735 728 724 687 991 693 709 677
720 691 734 53 745 704 753 729 717 693
999 715 700 692 736 722 724 50 717 726
732 720 705 704 1028 713 721 703 706 721
708 49 736 723 733 741 725 682 996 729
710 686 730 706 710 32 713 718 747 710
731 704 1029 696 736 710 706 727 714 68
733 736 721 740 715 689 1015 741 703 693
722 720 717 49 756 719 736 750 697 706
1025 712 732 712 732 738 731 535 716 695 701 736 710 61 705 711 698
720 715 707 1017 694 720 690 699 734 717
63 730 741 720 714 705 683 999 695 695
710 697 731 741 61 704 744 750 713 698
695 985 675 680 730 722 743 722 55 716
739 698 733 676 717 1001 713 712 699 687
724 729 56 721 708 736 722 681 690 1016
691 702 694 697 703 737 66 741 720 705
711 689 694 987 717 721 718 715 718 726
51 738 732 735 709 676 682 1025 683 683
689 700 741 745 69 700 717 744 703 676
705 996 731 688 698 709 708 743 491 701 692 704 709 704 705 44 721 718
701 730 699 714 1011 700 723 714 709 711
711 53 751 724 732 735 676 702 1010 676
720 693 677 746 743 41 737 725 711 742
710 701 991 707 719 719 689 694 717 53
748 692 715 711 715 708 1025 686 702 709
703 720 743 65 736 730 715 735 683 703
999 684 731 712 686 704 727 52 741 682
713 719 717 697 1034 697 736 733 682 734
716 42 729 730 729 719 727 740 987 689
703 729 709 722 717 76 724 719 704 721
701 720 1029 691 725 729 685 723 738 487 1025 698 705 728 709 703 703 32 729
709 732 700 728 731 1016 693 723 730 732
697 685 62 721 735 714 701 713 725 991
689 700 708 731 716 714 21 753 717 705
701 720 718 1002 726 724 737 699 714 707
54 699 725 697 702 714 743 1006 695 717
724 749 707 694 33 727 737 701 690 715
702 1000 718 723 712 720 698 706 46 716
698 721 704 684 737 1027 719 709 712 724
702 715 39 728 723 711 718 737 695 984
685 702 729 730 719 687 32 751 704 714
709 715 720 1002 717 726 697 744 729 729
486 728 994 724 704 704 705 720 726 47
724 753 682 700 712 708 1004 701 696 715
707 728 723 43 708 715 680 682 704 685
1000 696 696 736 735 702 743 31 695 716
682 683 671 714 1028 713 686 707 714 728
733 68 694 722 722 683 692 709 1002 704
674 736 717 732 726 46 725 714 697 695
690 697 1009 718 682 727 737 745 736 53
732 737 734 684 706 731 1012 709 697 727
724 748 738 63 727 702 717 728 681 676
996 725 705 712 750 704 744 44 714 728
709 694 697 683 1016 723 702 732 741 728
737 455 715 691 976 706 646 688 690 677 677
50 728 689 683 680 717 686 987 670 674
704 674 685 666 71 676 678 659 694 699
709 953 667 701 707 680 705 681 60 693
684 643 668 691 728 997 675 652 692 684
669 674 43 683 707 680 691 689 690 980
659 678 729 673 693 703 69 703 684 676
697 695 693 979 653 671 703 707 679 656
79 707 711 642 720 705 719 983 659 675
691 711 704 681 75 672 720 688 675 669
705 979 678 666 716 695 682 710 61 686
710 685 690 682 728 996 668 684 724 693
692 685 454 692 690 709 988 699 673 699 672 695
690 69 657 686 682 699 680 695 980 704
703 702 717 678 683 54 642 663 691 682
670 672 966 721 724 705 692 722 658 51
659 673 683 680 704 706 979 685 682 695
692 683 670 35 674 669 690 696 672 693
966 737 707 679 688 704 705 65 649 696
687 693 680 693 953 709 698 701 713 692
668 67 698 671 699 704 709 715 965 741
698 726 684 715 673 62 675 694 678 664
666 701 978 729 727 672 687 717 653 46
673 681 705 678 683 727 969 710 691 718
688 710 671 473 699 685 681 710 971 706 705 710 712
711 695 59 705 685 701 697 710 731 994
683 704 745 705 708 699 68 704 704 695
668 694 695 1003 708 710 725 739 693 699
52 665 691 694 691 727 721 977 708 712
711 705 711 667 56 689 715 688 685 701
720 1016 709 701 708 730 726 693 54 693
690 697 671 713 698 991 725 715 720 701
694 701 67 686 712 710 701 701 710 1013
684 717 732 742 720 694 38 694 680 669
660 700 725 1005 703 692 722 729 690 668
64 684 713 675 678 706 703 1006 697 718
712 719 707 655 471 710 686 692 699 701 969 700 714 709
709 722 659 40 705 694 705 712 692 727
967 678 718 699 724 691 671 61 703 685
677 668 675 717 1003 710 712 705 705 702
667 50 700 714 697 706 682 700 985 722
682 711 692 701 687 38 710 688 693 712
684 748 996 704 709 719 737 701 670 38
691 690 706 702 683 703 994 694 723 692
719 724 709 50 715 710 689 690 686 746
978 714 701 733 733 714 699 47 684 687
692 698 680 716 1006 709 720 719 692 704
695 31 699 705 710 712 702 720 996 703
705 696 676 682 674 526 710 717 727 699 694 693 982 737 674
706 752 695 714 38 697 704 736 686 720
683 984 737 681 683 702 704 703 41 687
702 710 700 702 702 987 753 710 686 701
679 683 40 673 739 747 704 716 703 1006
705 704 687 712 717 701 50 696 721 729
674 741 695 996 717 712 719 693 704 724
55 690 701 725 671 724 708 1004 734 698
700 738 714 692 55 715 701 710 692 725
693 1016 738 721 693 712 685 704 48 664
712 710 683 724 733 986 746 729 672 704
726 683 65 686 718 730 697 728 698 1007
738 693 684 698 684 697 506 72 688 709 716 664 652 688 977 658
686 686 690 713 669 73 705 707 702 673
659 708 1000 677 669 660 675 701 674 63
705 683 705 690 689 684 1001 682 667 673
684 678 655 37 711 722 694 683 662 713
977 689 666 661 724 705 679 70 701 701
688 688 689 713 975 708 686 662 691 724
683 60 690 695 679 683 691 714 991 660
698 671 722 711 696 76 697 716 697 708
668 723 985 716 683 656 691 719 672 34
702 715 700 691 692 705 986 694 658 647
713 698 709 45 700 717 717 680 665 698
986 681 673 664 685 707 659 501 701 57 669 717 689 682 667 677 961
685 678 681 702 686 707 62 710 714 711
677 660 712 969 709 674 670 696 693 696
32 668 694 705 701 693 690 993 701 677
676 676 700 683 62 713 722 695 696 691
665 960 708 650 678 697 726 692 43 696
716 723 708 673 671 993 713 663 658 704
690 695 58 682 690 695 686 671 685 952
678 671 667 677 723 702 80 695 692 727
675 685 673 1001 696 682 665 689 682 693
16 674 703 728 692 686 670 1000 662 647
687 681 727 710 49 699 694 713 684 695
674 982 691 655 650 677 701 693 513 697 677 45 700 702 677 680 712 692
982 691 687 710 705 681 697 63 722 708
660 697 736 713 988 699 685 709 688 664
668 50 707 696 709 698 716 733 974 686
687 706 689 689 689 73 717 706 697 719
716 696 979 677 708 693 714 696 690 50
714 737 677 716 691 713 1003 659 685 715
670 680 699 45 701 707 699 693 728 700
983 687 704 708 697 710 675 53 712 735
689 707 693 746 991 698 674 720 674 685
665 36 711 730 707 680 719 716 959 678
701 681 722 698 672 51 710 717 682 714
707 712 961 682 675 688 697 684 659 545 741 699 696 15 708 725 694 744 700
721 1039 708 723 726 720 726 731 57 736
690 692 731 728 738 1009 712 723 716 703
728 707 49 734 721 696 755 717 742 1013
703 692 699 722 732 736 52 732 738 732
720 713 736 998 729 720 740 708 729 722
67 736 730 734 723 738 735 1000 710 710
704 703 731 722 62 727 736 722 721 690
745 1022 705 697 741 731 707 703 57 726
711 713 742 739 753 1005 709 729 695 711
725 712 46 725 723 727 741 733 725 1000
726 701 731 721 738 708 62 749 745 709
737 712 709 993 717 697 705 715 716 704
508 702 688 691 724 56 674 680 704 668
706 708 965 688 700 687 692 678 693 50
696 684 704 686 718 661 956 665 679 658
711 645 710 59 724 685 721 688 711 666
963 687 669 676 729 676 701 56 695 708
701 677 699 678 993 683 690 687 699 676
684 85 712 704 700 697 721 655 961 701
678 669 722 662 686 55 693 699 716 668
725 679 994 668 704 695 699 681 692 88
711 717 689 698 711 663 979 713 671 674
712 675 694 67 735 698 706 707 692 680
990 682 701 694 724 693 707 54 721 704
713 689 678 683 971 690 697 662 703 672
724 504 719 667 687 705 683 53 680 667 684
690 706 691 987 677 722 663 689 702 691
46 703 696 705 686 695 668 970 678 697
683 684 698 715 54 680 699 734 685 688
679 956 658 683 704 710 712 695 56 692
694 682 705 666 700 973 697 713 672 676
692 704 57 696 664 720 693 672 673 986
673 703 669 686 672 710 47 716 675 688
681 681 677 957 701 723 691 701 686 699
32 713 688 719 680 667 669 996 664 685
662 687 709 718 63 676 672 730 674 667
690 967 712 691 674 697 675 718 49 714
685 725 693 679 682 966 681 668 657 670
714 695 477 721 670 697 703 702 681 45 681 721
686 718 682 720 996 721 699 709 703 710
687 38 713 727 719 724 659 708 996 696
696 688 670 744 717 57 697 731 697 730
693 706 977 724 697 714 685 691 693 39
710 694 703 697 696 714 1012 706 678 704
698 719 719 42 696 733 701 722 665 708
985 704 708 708 680 703 701 51 701 686
696 706 697 700 1020 718 714 727 675 731
691 37 691 733 714 707 709 744 972 707
678 721 704 721 691 62 683 724 690 708
682 724 1015 710 702 724 676 722 714 53
690 732 679 705 700 707 994 715 670 707
704 704 688 502 1041 735 721 716 721 705 708 61 714
716 766 710 748 748 1031 732 737 718 743
698 691 46 706 741 747 711 733 742 1006
729 717 697 745 716 718 57 736 724 738
711 740 733 1018 764 739 726 711 716 712
81 682 732 730 713 734 758 1021 734 732
712 760 707 701 59 710 743 734 701 734
718 1015 756 739 702 733 701 713 43 700
706 754 714 704 753 1043 756 723 701 734
704 720 75 710 731 742 729 759 711 999
723 718 719 740 719 693 63 734 714 748
719 736 735 1016 756 740 685 757 733 734
55 721 698 721 725 725 753 1001 713 724
726 725 688 695 482 744 991 735 702 696 693 718 704 53
707 752 685 709 710 725 1000 713 693 708
695 725 701 40 692 713 683 690 702 701
997 708 694 730 722 700 723 45 679 713
685 692 669 729 1025 725 684 699 701 724
713 54 679 720 724 692 690 725 999 715
671 729 705 729 705 44 708 712 699 704
688 713 1006 730 679 720 723 743 715 52
715 735 735 690 704 747 1010 721 694 718
712 746 718 38 710 699 720 737 678 692
993 735 703 705 737 701 723 61 699 727
712 703 694 699 1014 735 698 726 729 726
717 36 669 707 723 704 692 696 978 724
711 683 712 728 699 461 704 684 982 729 664 690 698 695 694
48 712 680 689 679 707 677 994 694 691
707 683 705 682 54 660 669 665 695 691
700 960 690 718 710 689 723 699 35 678
676 649 670 679 720 1004 699 669 693 691
688 691 29 667 698 686 692 678 682 986
684 695 731 679 711 720 65 689 675 684
699 686 683 985 676 688 705 714 699 673
60 692 703 649 721 694 712 990 683 694
693 720 722 699 55 657 711 693 677 658
696 986 702 685 717 703 700 726 33 669
701 691 692 671 718 1003 692 700 723 701
710 702 42 656 697 683 684 663 683 966
732 694 694 688 718 687 455 678 702 684 987 689 669 687 685 680
715 59 667 688 693 685 694 666 979 693
699 693 729 665 708 63 651 665 701 667
683 645 966 710 722 693 704 708 683 53
668 676 692 667 717 677 977 675 679 684
706 669 695 45 685 670 700 684 686 664
965 726 703 669 699 689 730 51 659 698
696 679 695 665 952 699 695 689 726 678
695 55 708 675 709 692 721 688 964 732
696 715 694 701 699 61 684 697 688 652
680 675 977 719 725 659 700 701 679 53
682 682 716 665 695 700 969 699 687 707
700 695 695 48 665 684 708 652 668 656
992 671 677 695 732 695 681 463 688 710 700 681 962 701 681 713 674
682 716 41 699 700 688 724 727 700 986
678 681 745 668 678 717 45 698 718 682
698 711 664 998 703 683 729 698 664 718
39 658 701 683 719 744 689 969 703 687
714 667 682 687 67 684 727 675 712 718
689 1006 705 677 713 693 695 713 53 686
704 683 700 731 668 983 721 694 721 661
667 720 75 679 727 697 729 720 680 1004
679 692 737 703 693 709 74 692 693 656
690 720 696 995 697 669 725 690 665 689
58 680 725 660 708 725 673 999 695 691
715 681 678 675 72 670 696 672 679 696
688 964 679 676 724 684 670 684 474 708 677 695 721 672 968 711 715 718
708 703 691 48 694 693 694 713 711 697
968 690 719 709 723 670 701 49 692 683
668 668 697 685 1004 722 714 716 704 681
698 73 689 711 688 707 703 669 985 733
683 722 690 683 718 49 698 688 682 714
703 718 997 715 711 729 736 680 700 72
681 689 696 702 703 673 993 705 726 704
718 704 740 58 703 708 679 693 706 717
979 727 701 743 730 695 729 58 674 685
683 699 699 686 1008 720 721 731 690 685
726 45 688 705 701 715 722 688 996 716
707 707 675 664 704 55 688 704 668 689
719 660 966 720 729 715 681 666 702 544 738 734 739 724 691 708 1001 735 684
721 755 725 725 46 725 720 747 710 716
699 1003 734 690 698 704 734 714 29 715
719 721 725 696 718 1006 752 719 701 702
709 696 44 701 757 757 729 712 717 1024
703 713 702 715 747 712 23 724 737 740
698 738 709 1015 715 720 735 694 734 736
46 717 719 736 697 720 722 1023 733 708
715 741 745 702 29 743 718 721 717 720
710 1035 736 729 707 715 716 715 47 693
729 720 707 719 750 1005 744 738 687 708
756 694 39 714 736 741 722 723 714 1026
737 702 698 701 714 710 41 687 718 708
730 693 697 1013 752 700 700 711 727 698
521 36 684 708 728 697 686 693 995 687
708 693 679 703 686 48 703 708 715 707
690 712 1018 704 692 670 665 694 692 59
699 684 716 723 722 691 1017 709 689 684
674 668 676 39 703 723 707 716 696 719
993 716 688 671 713 696 698 45 697 702
703 722 722 718 991 734 710 673 681 714
701 51 685 696 693 715 724 718 1008 687
719 681 712 704 714 52 692 717 710 743
699 727 1001 745 707 669 680 707 690 38
697 716 712 725 723 711 1003 720 680 656
702 688 727 42 694 717 730 713 696 702
1002 707 696 673 673 697 677 53 688 684
726 694 699 720 1018 723 684 661 662 695
705 528 721 39 686 699 679 685 684 690 982
697 729 722 730 698 726 49 728 695 701
679 678 722 991 723 722 712 724 703 714
66 686 677 693 702 710 704 1014 717 725
717 705 710 701 66 731 705 687 700 711
677 982 723 699 720 726 737 710 56 713
698 711 711 694 683 1015 725 710 700 732
701 713 72 699 672 685 687 690 695 973
693 720 706 704 735 719 55 711 673 714
678 703 685 1022 710 729 705 717 693 713
60 690 683 717 693 707 682 1022 676 697
729 708 738 730 66 714 675 703 689 713
687 1003 704 705 692 705 711 711 65 677
697 696 661 688 724 999 698 718 718 696
728 708 549 735 705 42 731 728 708 696 727 719
1020 712 717 733 744 719 726 51 754 733
691 713 751 740 1027 723 715 732 727 702
695 59 739 720 740 715 729 759 1013 709
718 732 729 729 715 50 749 731 728 735
732 721 1017 700 736 716 753 735 717 45
746 761 707 732 705 738 1041 682 714 738
708 719 728 43 734 732 729 707 744 727
1021 709 733 732 735 748 704 50 744 759
720 721 706 771 1029 721 704 743 713 724
693 33 743 755 737 694 734 741 997 702
729 705 760 737 699 40 741 741 713 729
721 738 998 705 705 711 737 723 687 45
734 697 701 722 738 750 1004 678 726 713
747 723 705 509 719 666 676 44 683 688 684 712 680
690 1002 680 707 681 699 690 711 61 713
653 683 701 708 705 971 683 707 672 682
693 686 55 709 683 687 725 700 709 974
673 676 655 698 700 717 72 708 701 721
688 694 704 960 700 703 697 687 695 702
64 713 692 722 691 719 704 962 681 696
660 682 696 701 44 703 699 713 690 672
712 985 676 680 698 710 673 683 54 703
673 705 711 721 719 968 679 713 651 688
690 690 51 703 687 716 710 717 691 962
698 685 688 699 703 688 55 725 707 702
706 694 677 955 687 681 661 691 681 681
50 700 675 694 696 693 699 955 660 701
687 703 663 714 508 723 666 688 697 64 679 697 682 686
704 733 963 682 678 707 669 680 666 83
698 699 678 704 717 685 955 660 655 680
688 645 684 48 725 703 698 707 711 689
960 680 647 696 707 677 676 77 700 726
674 696 699 701 989 677 670 706 678 676
658 102 714 722 675 716 720 677 958 694
654 689 701 662 660 67 695 716 691 687
723 704 989 660 682 716 674 678 665 85
713 734 665 717 709 689 975 705 648 695
691 672 666 79 737 716 682 727 690 703
987 673 677 715 703 691 680 82 724 723
688 707 676 705 967 682 675 683 682 670
698 62 697 719 701 700 694 695 961 652
671 714 671 695 673 545 734 706 724 741 692 47 714 708 701
713 728 739 1027 700 737 701 721 736 699
71 739 736 723 706 715 715 1009 700 712
723 718 735 724 51 712 741 751 706 708
726 996 679 697 744 743 747 705 40 725
736 700 726 688 749 1013 717 729 711 709
726 710 54 730 706 738 714 692 721 1027
697 718 707 719 706 720 36 750 717 707
704 700 726 997 722 738 730 736 721 706
56 747 729 735 700 686 716 1037 688 700
702 721 744 727 73 710 713 748 696 689
737 1008 735 706 713 732 711 725 46 747
727 743 716 702 730 1007 704 681 698 705
750 705 56 723 730 731 717 699 726 1006
718 714 700 735 712 708 466 700 660 687 715 666 683 46 685 715
683 691 700 699 985 700 688 696 713 673
693 45 717 720 715 695 678 686 984 675
686 673 683 708 724 63 701 724 693 702
711 687 966 704 687 700 695 655 696 54
713 689 697 671 717 693 1000 686 668 691
707 683 723 49 700 726 698 694 684 689
973 684 699 693 690 666 704 44 706 680
694 678 719 680 1008 697 704 716 686 697
697 64 692 727 710 680 728 724 961 688
670 709 713 685 699 68 687 718 685 681
703 704 1004 691 692 713 690 685 718 59
694 726 674 679 718 688 983 695 661 695
716 667 693 54 701 723 682 668 695 697
1001 701 680 710 705 685 726 471 1011 695 714 709 689 704 691 49 711
679 733 698 705 722 1002 691 732 709 713
699 672 50 703 706 711 699 690 716 977
688 708 688 713 717 702 51 733 688 703
699 697 708 988 724 733 716 679 715 696
45 681 695 696 701 692 733 991 693 726
703 729 710 682 57 709 708 700 688 692
694 985 716 732 692 700 700 695 49 697
670 721 704 661 729 1012 717 717 691 704
703 704 59 709 695 708 718 715 686 969
684 711 709 709 721 677 49 733 676 713
708 694 710 987 717 735 678 725 732 717
41 718 661 686 711 683 728 971 673 716
718 694 687 678 59 697 680 699 712 685
727 988 686 731 687 670 729 681 477 745 989 706 725 713 699 713 698 73
733 723 665 699 713 726 999 682 720 724
702 721 698 46 719 688 663 681 705 703
993 679 717 745 730 697 716 79 704 687
666 683 674 732 1022 695 710 714 708 720
709 57 705 694 704 680 694 728 996 685
698 747 710 723 699 35 736 686 680 694
690 716 1004 701 704 735 731 736 711 76
739 708 718 682 706 750 1007 692 719 737
719 741 711 71 736 674 701 726 682 694
988 707 727 723 744 694 718 57 723 701
692 693 698 702 1009 706 722 741 734 722
710 55 695 681 703 694 696 699 974 695
734 697 718 724 695 60 711 666 667 705
704 724 998 720 715 715 738 718 693 