539 550 758 553 723 738 547 744 733 719 550 721 734 737 725 511 716 716 741 720 733 500 748 744 742 738 756 725 458 993 694 725 695 721 695 692 496 728 1040 739 737 744 686 705 700 475 707 737 1020 725 704 687 711 693 704
479 706 735 715 1015 710 682 719 698 705
721 463 696 720 706 705 1003 677 703 686 697
714 716 490 707 734 707 713 717 994 730 691 744
715 729 698 512 678 704 697 712 715 668 1004 707 740
716 691 668 705 526 38 741 721 736 735 712 739 980 729
693 700 665 695 669 523 718 56 733 723 718 704 745 694 1014
704 708 696 705 663 700 503 713 709 71 689 728 687 706 669 700
973 681 650 694 666 710 703 537 708 735 727 59 716 694 716 716 720
701 1004 700 725 718 701 724 697 549 719 761 734 732 42 744 747 725 721
709 706 1005 709 728 734 745 727 722 532 718 732 749 743 742 33 746 722 699
707 686 696 1014 674 714 720 697 717 754
491 731 708 730 718 729 708 49 691 722
703 718 709 727 989 722 711 695 696 722
729 501 1033 727 747 716 745 691 733 65 719
728 731 719 751 723 1021 728 690 738 750
718 732 468 705 1013 730 703 724 682 686 683 43
674 701 678 710 721 706 986 690 687 701
696 701 705 464 685 707 1005 713 690 690 698 694 717
42 713 708 693 709 672 673 960 690 695
711 688 732 686 475 698 734 722 1012 723 675 738 700 702
710 41 698 729 665 691 705 686 1001 720
679 737 732 698 703 479 709 731 714 724 1019 671 713 695 707
729 719 30 726 680 679 708 657 718 1021
689 719 726 689 724 700 491 701 734 733 716 709 995 716 700 747
692 730 709 44 722 688 705 719 725 700
1016 713 760 712 669 731 737 550 736 743 738 720 744 699 1044 709 757
734 740 697 731 69 727 704 706 729 757
706 1031 721 739 729 714 709 749 534 17 754 717 746 713 711 737 988 725
706 696 696 706 682 45 715 707 710 711
713 719 1028 702 684 689 710 699 741 541 733 60 749 747 731 728 757 706 1033
715 712 711 710 679 715 28 721 748 758
743 723 742 1006 683 710 723 708 720 729
523 726 712 61 717 742 708 722 684 724
994 681 664 701 677 722 707 33 725 741
717 711 705 716 979 687 671 726 717 720
723 526 711 720 729 63 712 693 697 700 722
687 995 691 713 723 703 709 698 29 719
717 677 723 687 675 992 710 713 734 713
733 726 541 723 745 715 714 43 715 742 707 718
713 706 993 723 715 738 731 706 705 44
724 716 729 699 700 720 1009 716 744 715
745 721 702 545 745 713 735 727 733 69 736 711 730
734 715 719 1023 699 741 705 684 702 746
70 717 705 725 736 710 713 1025 730 739
728 705 701 714 480 738 715 747 739 741 684 57 675 705
679 691 690 741 982 728 716 708 716 734
706 59 715 685 667 709 699 727 1023 726
728 724 697 728 696 495 1024 719 746 702 716 710 736 61 719
716 733 734 722 712 1013 719 692 725 721
736 734 50 703 719 735 743 731 709 1019
732 707 710 702 724 719 474 709 1016 711 727 724 666 716 685 48
698 680 683 728 696 710 989 672 712 701
679 730 704 61 710 675 692 733 714 706
1008 697 714 698 710 714 703 480 713 724 1025 734 723 681 733 693 724
44 719 702 726 699 698 690 977 712 729
701 724 728 694 59 706 717 704 716 712
700 997 697 732 729 700 716 715 498 743 740 760 1038 739 716 759 693 734
711 75 721 727 685 734 711 724 1029 736
721 758 726 729 704 64 724 727 731 734
714 723 1019 737 751 729 728 708 706 471 728 708 722 712 1011 692 721 666 722
713 722 50 695 664 697 684 665 710 1014
711 726 699 702 707 703 61 707 690 729
698 678 700 1003 733 707 714 706 699 722
493 704 737 720 745 716 999 718 702 748
711 707 708 48 725 691 708 707 754 707
1019 716 763 715 688 708 735 43 753 702
711 713 742 723 1029 728 735 733 722 704
706 543 700 738 734 732 708 713 1037 730 754
724 716 718 706 64 693 696 706 738 720
719 1023 746 735 717 691 731 723 69 705
712 716 744 711 744 1016 731 710 708 708
714 726 537 45 746 724 748 744 720 729 992 740
707 704 674 703 695 30 707 713 712 742
723 712 1033 716 685 696 687 696 754 45
721 725 714 746 749 719 1025 721 713 740
706 699 720 527 714 66 712 740 709 722 730 703 1017
728 695 710 694 684 697 53 686 741 735
737 695 739 990 696 695 722 693 727 710
50 688 726 722 721 703 729 993 715 700
699 695 717 702 535 731 743 50 723 747 727 716 699 714
1007 694 680 702 703 728 737 50 731 743
736 707 721 706 993 701 687 728 743 724
754 42 732 724 724 721 722 688 1012 738
696 714 741 730 718 510 695 705 683 55 703 701 699 689 713
705 977 673 678 696 687 694 654 60 710
724 679 714 679 693 974 692 681 708 697
717 681 59 693 709 700 700 703 715 1001
682 709 717 698 708 687 509 711 728 692 707 69 691 712 677 693
695 671 964 705 702 724 713 681 698 64
701 688 700 674 682 686 979 698 731 702
727 696 694 39 692 698 674 673 714 704
973 703 699 732 704 699 684 518 710 695 713 719 728 61 708 707 712
718 686 686 997 688 706 686 662 694 740
65 689 705 706 719 682 681 999 722 703
710 682 692 710 44 668 723 692 713 724
702 1002 734 713 701 701 698 686 464 716 703 715 716 721 701 46 672 696
685 688 684 701 966 706 703 679 695 713
722 38 714 675 671 707 695 687 1008 704
715 695 676 708 712 54 716 704 706 727
701 688 999 697 688 691 676 678 683 466 996 701 730 696 699 692 723 51 700
693 702 711 699 685 984 700 675 718 704
718 721 64 683 695 702 721 708 684 991
713 690 703 685 708 705 35 682 693 695
692 711 705 997 710 707 692 656 706 701
477 690 1019 720 722 739 668 720 706 57
693 690 670 730 695 690 991 681 705 717
680 734 727 62 705 684 680 734 714 687
1011 706 708 714 713 718 726 37 710 718
695 735 710 702 995 697 698 689 694 708
705 493 706 741 1037 756 730 681 725 718 725
49 715 714 744 725 692 707 990 731 735
700 716 753 696 66 703 728 721 744 705
717 1010 717 739 730 691 743 718 43 704
713 738 734 705 731 1024 736 721 713 698
719 712 502 719 745 731 1038 734 711 758 717 730
738 46 724 733 684 712 716 698 1028 731
714 757 750 726 730 40 727 735 733 710
720 697 1020 732 744 730 752 703 734 55
729 710 709 717 704 711 1000 698 716 726
720 713 732 502 735 720 756 734 1041 690 733 703 749
721 744 66 739 693 703 696 699 729 1044
709 737 734 730 715 724 60 749 720 736
710 713 720 1033 732 717 751 735 706 744
55 749 744 712 713 731 704 1003 700 714
729 723 718 751 488 728 755 718 743 740 997 706 677 727
714 708 685 68 734 715 728 701 753 730
1018 707 738 694 693 709 712 75 760 726
731 708 741 744 1028 718 711 714 725 704
682 57 737 722 715 708 708 723 1001 679
688 716 742 712 726 547 707 760 732 711 717 697 1039 728 735
729 740 714 726 75 700 720 703 717 729
704 1025 742 716 724 715 726 742 55 712
736 716 724 717 729 1019 728 691 714 734
710 747 51 727 741 740 698 706 720 1002
703 690 740 734 740 756 547 36 745 710 737 727 720 751 998 748
727 720 696 712 681 49 706 702 702 727
721 732 1037 725 704 712 710 706 739 41
721 714 705 729 745 742 1029 728 732 757
728 709 704 49 702 719 688 717 710 718
1001 710 726 732 735 734 711 535 743 45 718 739 703 717 730 687 1024
734 705 727 712 696 727 63 691 741 730
732 695 721 998 703 706 738 711 737 738
63 693 726 715 713 702 712 1000 722 711
716 714 729 731 41 723 710 697 695 688
693 1004 738 715 730 733 752 730 512 701 717 55 709 702 696 712 690 702
980 668 686 695 671 700 711 53 716 699
704 701 712 694 966 675 693 720 712 695
728 54 717 680 692 715 712 675 984 714
701 707 707 703 691 54 673 655 670 685
695 684 996 686 736 704 707 690 696 524 734 724 724 62 739 688 703 678 715
694 996 666 718 717 724 715 690 61 746
713 685 699 682 684 992 684 719 726 735
739 718 50 728 697 702 688 707 703 1018
673 747 740 736 733 725 71 718 688 683
682 702 724 1020 693 743 718 728 732 712
547 735 740 722 736 39 724 751 706 734
718 695 1002 725 718 750 725 713 728 49
733 725 728 716 705 709 1017 718 747 727
739 726 724 31 723 736 700 713 736 725
1010 724 712 758 716 731 715 47 718 716
683 730 744 720 1040 746 721 742 709 686
749 527 721 712 745 738 727 38 745 711 711
702 682 701 1008 666 717 700 693 713 740
28 727 706 706 705 675 696 1009 698 715
723 714 712 710 58 704 724 690 696 716
716 1012 711 726 718 733 719 687 60 720
706 692 696 710 714 1012 697 724 712 701
708 718 489 751 710 743 753 754 723 54 674 725
698 692 692 717 993 741 712 706 733 747
745 65 717 705 684 711 701 703 1034 740
722 720 713 742 735 53 720 734 718 728
707 703 1026 731 696 717 714 712 706 51
706 738 710 729 719 692 1031 754 696 712
718 749 743 503 1035 715 756 723 746 693 720 64 733
723 729 723 754 739 1023 718 699 744 751
719 718 31 719 726 731 730 762 739 1030
731 714 728 730 706 700 61 719 722 723
703 765 762 1035 728 731 720 701 705 701
74 741 746 748 737 740 759 1040 710 721
705 729 707 702 458 685 1000 716 696 700 681 710 683 76
668 689 681 690 682 686 972 679 681 678
694 723 706 53 679 684 692 694 699 682
991 704 683 676 725 709 702 58 686 715
703 696 692 698 976 695 672 653 706 696
681 58 690 711 733 678 674 705 984 681
678 693 704 727 720 482 718 719 1025 714 713 681 717 689 728
39 738 712 727 716 704 687 977 691 719
702 707 724 697 50 727 727 704 733 717
698 998 676 722 727 684 712 721 40 728
709 724 725 718 712 1012 696 704 712 690
689 716 60 755 717 727 730 736 717 985
683 727 696 703 717 691 475 698 714 717 1012 721 693 717 701 722
715 40 700 713 687 689 686 682 1002 718
698 715 735 717 706 48 703 713 737 688
690 682 992 719 726 688 737 697 711 68
705 689 713 693 673 696 973 684 697 685
705 706 709 46 726 692 738 710 685 671
993 707 694 687 732 704 731 506 731 735 736 752 1046 692 727 714 741
747 731 58 745 703 699 712 679 746 1049
710 733 745 723 741 712 37 756 732 731
726 692 738 1037 733 713 762 726 733 735
68 753 755 707 727 709 720 1007 700 710
741 714 744 738 46 730 751 730 744 716
712 1045 716 714 748 727 744 714 497 725 753 736 744 721 1005 725 690 741
704 717 713 51 728 712 725 722 754 711
1025 724 751 707 682 718 741 44 754 723
728 728 742 727 1036 736 722 727 715 712
710 35 728 721 713 730 709 708 1009 696
699 729 733 721 754 46 748 731 730 722
746 728 1019 711 753 689 717 701 759 534 717 724 733 734 728 702 1030 705 756
717 706 692 707 53 708 683 702 742 741
709 1016 721 737 711 680 704 724 47 721
698 713 746 730 734 1008 707 713 699 695
685 727 48 734 705 739 719 716 725 992
681 713 727 698 715 735 71 721 716 707
739 731 701 1018 737 697 717 702 727 728
534 44 737 723 747 739 723 740 988 744
703 699 673 695 679 20 697 712 713 738
726 723 1029 720 680 691 687 688 738 48
711 725 715 742 752 730 1021 725 707 735
704 690 703 23 693 730 698 729 716 707
992 706 701 711 710 715 712 47 723 702
736 754 728 741 1031 701 713 689 706 712
718 522 714 57 732 703 692 695 725 693 1009
698 721 715 711 679 698 49 703 702 719
710 689 727 981 667 720 727 709 720 710
65 708 687 705 693 696 717 985 686 727
705 714 712 704 67 737 674 688 675 683
698 988 702 732 717 734 733 702 61 709
695 700 690 693 716 968 680 701 733 730
700 695 510 711 698 72 714 716 684 706 679 717
979 662 670 706 672 708 693 43 721 715
692 695 700 708 964 669 676 730 714 705
710 37 721 695 679 707 701 689 982 707
685 717 712 711 674 60 678 669 656 679
685 699 994 679 718 713 711 699 678 39
715 700 688 705 708 697 983 664 698 732
709 711 692 537 720 725 724 42 731 705 719 706 732
707 1007 686 715 717 711 714 693 34 739
729 699 728 698 696 1003 705 717 726 722
738 721 34 721 713 719 715 723 716 1030
695 745 738 723 731 727 47 713 704 697
708 717 737 1030 715 744 717 713 732 714
42 743 724 734 734 693 696 1003 733 745
740 723 694 718 506 711 717 702 707 57 702 729 672 702
682 669 961 688 682 724 701 690 699 62
713 705 696 682 669 681 977 681 711 703
714 704 695 50 705 714 668 680 700 697
969 687 677 733 692 709 685 39 699 694
650 696 708 693 1000 708 686 718 687 665
719 46 698 727 697 658 691 680 1004 691
695 728 677 679 714 514 695 707 733 702 699 63 709 713 694
689 696 706 991 682 693 696 683 674 711
68 690 712 688 691 691 702 992 715 689
720 705 673 681 63 670 727 675 686 733
723 996 725 701 712 722 682 659 57 684
710 676 685 726 722 997 710 697 707 689
672 691 63 710 712 687 684 708 724 1003
718 704 683 678 687 672 486 728 700 721 719 727 716 54 686 724
705 711 704 713 985 719 703 687 698 720
737 20 728 703 690 730 715 699 1026 716
714 702 679 714 725 69 730 732 726 750
721 701 1017 709 686 698 680 685 696 34
716 736 719 749 734 692 1021 730 686 692
687 722 734 59 715 724 709 707 730 710
1011 720 681 686 701 701 698 490 1024 728 740 710 743 697 713 47 706
721 724 708 733 729 1012 729 684 732 747
724 713 29 691 724 726 716 742 728 1018
742 699 716 727 712 696 53 692 721 720
689 744 752 1023 738 714 707 697 710 695
63 714 746 744 724 718 748 1029 722 706
693 726 713 697 38 693 717 728 735 732
727 1020 727 694 722 693 717 709 498 708 1040 722 726 729 709 725 716 58
716 713 707 719 720 710 1012 687 710 705
721 740 738 59 727 709 718 723 737 705
1032 711 713 704 751 727 735 56 736 742
732 725 731 721 1015 700 701 680 732 714
714 58 738 736 761 705 712 727 1023 688
708 721 732 745 752 52 740 729 753 718
736 725 1008 704 722 688 714 741 724 466 701 706 1010 727 704 695 699 686 724
44 707 702 695 714 686 673 964 705 709
715 690 724 692 27 697 718 671 733 699
682 984 689 714 741 667 711 716 51 696
699 689 722 699 696 998 706 695 724 672
687 711 62 724 708 693 730 720 703 971
697 718 710 684 717 686 50 699 734 683
715 695 668 969 709 682 697 692 716 735
483 733 733 742 1022 713 700 721 681 717
705 48 724 722 700 725 706 706 1012 709
705 721 715 712 698 65 728 722 747 723
709 706 1002 710 733 692 716 692 703 49
728 698 724 730 694 720 985 675 706 690
685 704 700 62 750 699 749 747 703 695
1003 698 701 691 711 700 722 55 739 707
713 725 719 688 1014 671 715 713 708 726
691 477 715 724 719 721 1019 683 696 689 713
723 722 33 715 696 684 701 662 715 1021
702 702 722 695 717 705 31 725 725 715
715 676 706 1009 724 683 738 700 711 727
55 724 746 692 714 692 689 979 691 679
717 688 722 731 55 700 742 715 731 699
680 1017 708 684 725 699 721 706 40 729
719 691 720 682 702 977 713 699 711 725
711 730 468 699 708 716 709 725 973 717 673 743
683 710 665 50 690 684 678 699 720 718
994 715 733 708 660 708 693 58 717 698
682 705 707 731 1004 726 706 727 691 704
660 64 693 693 668 709 674 712 977 687
682 728 711 712 703 72 713 704 687 702
710 733 987 702 735 690 694 691 710 65
691 684 685 710 709 694 972 700 715 720
661 701 681 514 709 707 703 717 711 683 1009 684 743
717 693 680 697 43 700 667 672 725 723
691 995 700 724 711 668 692 715 54 713
683 682 729 711 714 988 687 699 701 684
673 717 60 726 688 709 701 697 704 972
660 700 728 686 704 725 76 712 698 676
722 713 682 997 716 684 718 689 715 719
32 710 684 678 723 677 698 990 706 724
715 700 707 682 508 57 711 705 713 694 683 707 960 727
680 691 677 696 673 59 673 693 677 694
686 687 999 703 657 685 691 689 731 51
688 707 678 697 709 695 991 708 686 729
708 693 697 59 669 712 664 683 674 673
963 690 679 706 715 717 704 57 696 682
701 709 687 709 1001 684 689 682 712 714
712 61 667 691 688 684 660 685 991 709
672 717 695 686 703 514 719 56 726 730 710 705 713 683 1006
701 691 696 697 686 702 44 697 730 735
721 679 719 979 670 690 707 695 728 715
46 700 715 722 705 684 711 982 688 695
685 698 720 706 40 729 700 703 685 671
691 985 703 701 697 716 743 708 46 703
721 716 701 678 708 966 684 669 712 714
706 698 54 686 721 692 696 670 719 1006
669 688 699 669 690 673 525 719 735 60 722 744 713 735 694 707
996 679 665 699 668 716 727 44 730 741
722 725 716 699 982 684 672 725 709 713
744 35 731 722 712 738 717 679 999 722
681 711 707 719 709 41 686 697 689 708
700 687 1012 694 716 706 705 707 716 52
724 728 719 734 726 686 1001 681 694 726
704 718 729 56 726 706 710 716 710 692
987 706 679 704 674 702 721 515 719 722 690 43 720 703 719 676 706
710 985 667 685 687 710 711 659 72 726
727 701 698 672 699 981 686 690 695 721
735 687 75 709 713 720 685 695 719 1007
675 717 708 723 727 693 42 700 703 697
678 690 741 1007 698 714 687 713 728 680
60 731 722 734 706 665 701 982 715 716
709 722 693 685 53 700 688 702 692 694
712 992 683 681 691 689 718 691 537 726 726 739 718 29 717 743 700 734
687 701 992 718 712 740 711 728 709 54
727 717 723 714 673 714 1008 709 740 718
724 742 705 44 717 727 695 714 705 729
1000 716 706 748 703 747 697 59 713 708
678 729 713 726 1029 739 714 733 696 703
731 40 712 741 723 691 695 712 1035 720
724 744 685 716 725 47 683 714 721 721
687 702 1008 724 707 699 703 745 714 544 741 724 742 750 731 58 757 715 720
728 692 721 1023 678 738 714 691 726 744
45 739 709 717 731 686 715 1026 709 735
737 711 725 713 47 717 727 699 722 727
735 1029 722 746 731 730 731 690 64 732
710 702 723 720 734 1028 707 743 724 698
721 721 31 755 710 715 722 705 735 1035
713 749 704 685 737 702 74 746 716 741
736 711 727 1004 693 707 715 716 734 716
470 710 705 736 712 732 710 54 685 704
672 703 681 699 972 700 704 700 690 725
732 47 729 682 657 721 692 684 1013 699
716 717 670 721 723 62 730 712 693 740
698 687 1005 691 690 713 672 692 694 34
716 715 685 740 710 678 1008 713 691 707
678 729 730 60 715 703 677 699 707 695
998 701 684 701 692 707 694 47 709 722
659 704 675 685 978 668 673 730 694 720
744 473 1005 719 735 693 710 693 712 46 691
700 716 714 712 708 994 719 679 714 714
719 710 49 675 703 718 723 720 707 1000
732 695 698 694 708 695 32 676 701 712
695 724 728 1006 728 710 689 666 706 692
34 699 726 736 732 699 725 1010 712 700
677 694 708 696 60 675 696 720 743 711
705 1002 716 689 705 661 710 707 40 708
695 700 718 695 684 972 709 705 674 688
711 706 470 703 1012 709 707 734 673 714 684 54
694 695 665 716 692 703 985 670 693 713
686 728 704 52 706 689 675 721 709 701
1005 694 695 709 717 713 703 33 712 722
689 723 707 715 989 685 684 684 698 702
683 32 715 718 718 702 687 722 997 674
688 725 697 732 719 51 717 710 710 716
709 719 981 688 703 691 681 730 691 53
713 707 683 714 696 703 979 676 675 725
707 710 676 488 714 723 1030 727 705 707 720 701 735
38 735 727 711 722 700 690 984 704 711
728 711 737 703 30 724 743 686 740 713
700 1004 689 716 752 689 724 728 52 723
724 706 729 714 714 1018 708 699 737 693
701 723 65 751 733 711 736 733 720 991
698 720 721 706 731 696 38 727 760 699
722 709 684 989 709 685 708 713 730 745
34 718 736 678 723 686 687 1007 714 688
747 680 708 724 478 701 724 718 1013 703 692 727 700 715
715 26 719 717 681 694 695 684 1003 700
696 725 734 710 706 43 722 718 730 691
699 684 994 701 724 698 735 689 712 65
724 694 705 698 682 698 975 667 696 695
703 699 709 38 746 697 730 714 693 672
995 689 691 698 731 697 732 31 734 705
695 694 709 666 1005 662 705 717 727 722
700 47 726 697 683 686 679 683 983 694
701 709 718 704 728 459 719 703 737 735 1002 658 708 663 712
686 688 74 717 663 688 678 678 730 1005
677 714 695 694 682 668 69 726 691 719
692 692 720 994 702 691 712 697 672 687
62 724 714 697 694 710 704 963 670 689
689 686 683 695 61 702 711 721 710 713
694 1000 681 693 698 697 684 671 72 729
684 696 699 696 717 959 691 710 686 726
673 693 69 680 673 698 678 694 698 990
701 686 692 682 700 690 462 690 733 694 692 702 966 718 670 707
690 713 675 40 679 677 704 679 702 694
986 716 729 673 669 711 703 62 705 689
709 687 691 707 996 728 701 691 701 710
673 70 680 687 694 689 657 688 970 689
678 692 720 717 717 75 698 695 712 681
695 710 980 707 733 653 703 697 723 65
681 678 709 692 693 671 964 702 711 682
671 706 693 56 671 679 696 684 663 702
996 688 690 679 687 701 694 520 686 735 711 714 700 695 1014 712 724
714 702 696 692 55 679 694 682 720 711
702 1001 728 706 708 678 708 709 68 690
710 693 725 701 727 994 714 681 699 696
692 712 32 705 714 717 698 688 716 977
688 680 725 696 723 721 45 690 726 684
720 703 694 1004 745 664 716 700 733 714
53 689 709 689 719 667 708 996 734 702
713 711 724 679 54 683 716 683 688 697
706 983 710 677 720 692 692 665 553 46 759 737 743 739 708 739 1006 744
712 726 697 736 705 55 721 726 705 738
709 720 1045 721 691 719 710 729 762 46
736 740 708 741 735 728 1038 726 718 764
730 732 729 47 718 744 694 728 699 707
1010 706 710 740 734 756 735 49 745 716
731 754 712 743 1047 703 722 717 730 753
745 59 716 724 718 730 685 719 1036 725
706 753 715 726 736 55 722 733 719 744
733 701 1018 720 719 721 720 719 715 531 736 46 737 723 717 704 754 687 1021
710 717 707 716 665 719 23 707 725 745
720 719 720 993 680 715 719 716 704 732
38 711 710 730 703 724 711 995 696 720
694 720 698 725 64 742 695 712 686 712
692 998 713 726 707 738 721 724 60 715
715 724 700 721 710 979 692 696 723 735
684 716 49 697 715 700 696 711 721 1020
679 715 712 689 668 691 54 732 712 710
713 714 711 992 696 705 688 714 696 739
545 746 723 53 737 732 734 742 695 744
1015 689 705 706 689 743 718 69 747 731
742 730 716 736 1000 696 712 732 729 739
734 45 748 711 728 745 716 716 1018 732
718 718 726 746 697 56 703 687 707 715
700 727 1032 704 753 715 727 733 702 55
742 716 738 740 725 723 1019 690 733 734
724 745 718 55 743 695 729 721 710 730
1004 714 717 713 693 727 711 57 709 733
734 737 705 715 1025 692 731 694 704 760
722 532 702 701 720 61 712 720 727 713 748
700 999 694 689 700 693 689 692 64 720
743 706 738 713 686 995 714 690 711 704
712 718 63 704 728 727 722 738 709 1021
701 720 719 705 705 726 50 698 718 703
714 731 730 1021 722 721 701 694 707 710
87 726 737 740 743 705 689 995 741 720
722 704 668 715 50 696 701 706 731 736
700 1006 710 684 706 670 697 724 72 707
750 698 713 718 700 996 724 669 702 701
690 739 524 717 739 696 699 61 713 721 691 703
709 699 977 703 714 731 725 687 691 52
724 696 715 684 696 713 993 696 743 709
739 702 687 29 713 708 687 683 729 731
987 702 711 739 715 704 677 33 708 687
670 700 737 725 1017 723 717 723 709 661
712 49 710 721 716 662 719 711 1021 707
729 735 698 676 706 51 680 693 711 688
710 703 993 711 710 690 715 703 693 61
713 700 679 694 713 694 979 686 700 735
724 692 690 518 718 701 719 731 727 46 726 699 707
714 674 688 998 671 714 690 667 707 739
45 708 696 703 716 669 682 1000 704 712
713 687 706 709 47 686 714 686 708 710
703 1002 717 722 706 707 711 685 34 701
697 689 709 703 702 1002 703 720 700 675
701 717 35 724 697 702 708 686 702 1010
706 725 680 662 717 697 66 715 702 729
720 693 694 978 686 684 690 693 715 711
38 712 698 693 733 684 670 970 699 710
690 711 731 708 495 741 722 728 739 750 720 29 691 718
716 709 699 726 997 732 725 693 718 742
741 37 732 698 702 728 709 712 1038 729
736 708 699 737 730 56 735 727 737 749
716 713 1031 721 708 703 699 707 701 35
722 731 729 747 728 703 1034 743 708 699
705 745 739 42 719 721 721 706 723 722
1023 732 705 692 720 724 704 35 713 737
703 711 692 713 1002 699 692 722 720 738
751 52 711 725 725 716 704 715 1008 731
733 728 727 716 720 492 1025 704 745 726 724 715 714 47 733
719 712 729 718 732 1013 705 690 747 729
741 712 60 717 720 715 738 727 732 1020
717 704 731 710 728 696 50 718 719 706
708 729 753 1024 714 720 721 681 726 694
56 741 744 731 744 704 752 1030 696 710
710 707 728 696 49 717 714 715 755 717
728 1021 704 698 737 675 732 708 54 750
711 694 731 701 707 991 694 716 708 702
732 709 55 719 726 713 705 699 736 1038
697 713 744 695 717 713 482 709 1025 725 703 747 691 712 696 54
695 717 670 716 712 709 998 686 688 725
705 727 717 40 707 712 681 720 728 706
1017 712 690 722 735 712 716 59 714 744
694 723 726 720 1002 702 680 698 716 701
696 49 717 740 723 702 706 728 1010 691
683 739 716 731 732 55 718 732 716 715
729 724 994 706 699 705 699 729 704 51
714 729 688 715 716 708 992 694 671 737
726 708 688 32 725 726 689 678 696 725
1005 733 714 706 713 724 731 459 716 700 1004 709 714 671 702 661 718
56 715 684 708 701 701 668 956 688 721
693 693 697 687 61 703 699 686 718 715
678 976 673 722 718 669 686 710 44 703
680 704 712 715 693 991 691 703 702 675
663 706 71 731 688 706 717 734 698 965
678 727 687 687 690 682 38 707 715 698
702 710 663 961 692 690 676 695 690 731
47 698 692 673 702 687 665 979 695 696
713 663 670 706 58 709 653 684 702 721
673 998 685 718 698 706 687 708 462 707 735 729 1001 695 680 724 677 686
688 48 711 710 668 700 706 693 990 691
685 723 710 681 681 48 715 711 715 698
711 694 981 692 715 695 711 660 685 59
716 688 692 706 696 708 964 657 688 692
678 671 683 62 738 689 715 722 706 682
982 680 681 696 708 668 706 64 728 697
681 701 719 676 993 653 695 716 703 694
675 43 718 690 669 693 691 692 970 685
692 706 693 675 702 46 681 693 678 728
715 703 985 685 675 715 691 698 682 474 727 723 735 735 1019 684 696 677 714
710 710 53 714 696 696 700 677 730 1021
704 704 710 695 705 692 50 724 725 727
714 691 720 1010 727 682 727 700 697 712
54 722 746 704 714 706 704 979 694 679
705 689 708 718 54 697 743 728 730 713
694 1018 709 683 713 700 708 693 50 726
718 703 720 696 716 977 716 700 699 727
697 715 33 679 707 707 698 693 698 1007
728 676 707 684 723 713 48 692 724 728
711 731 725 994 696 693 719 689 678 704
474 711 744 723 703 732 980 727 671 717
686 725 668 56 692 697 714 705 715 724
1001 727 731 683 665 723 696 69 716 710
719 713 703 737 1012 737 703 702 695 720
664 80 693 707 706 716 670 718 986 699
680 703 715 728 708 67 711 717 724 709
705 740 995 715 734 664 698 708 715 65
692 698 721 719 705 701 980 713 712 694
666 716 685 48 683 701 707 711 674 731
1012 697 691 689 682 713 685 41 678 739
725 721 681 717 986 725 700 688 678 704
683 521 694 726 701 699 693 692 1014 704 732
722 714 701 694 59 687 686 672 707 705
699 999 720 713 716 690 714 711 64 698
703 684 713 693 722 994 705 688 708 709
697 715 42 713 706 708 684 681 713 976
679 688 735 709 728 724 45 697 717 675
707 696 692 1004 736 671 724 712 739 717
61 698 700 679 706 660 704 994 725 709
722 723 729 682 51 689 709 674 675 690
702 982 702 684 728 704 698 667 28 722
688 694 688 692 696 1007 727 703 710 690
730 681 533 50 729 702 751 727 718 735 985 748
719 690 681 697 680 46 690 693 717 727
720 716 1026 725 696 683 694 692 740 46
703 705 719 730 744 724 1018 728 724 727
712 693 705 38 684 710 701 717 708 701
990 710 717 702 719 718 714 40 713 682
740 741 722 736 1028 706 729 679 714 715
720 33 687 690 727 717 697 713 1017 728
710 717 699 688 711 58 690 699 726 733
741 696 999 723 725 684 703 681 691 65
708 724 708 723 717 726 1017 729 726 693
711 703 699 547 728 60 742 753 738 707 761 717 1036
728 710 709 736 678 710 39 713 753 765
722 727 751 1009 697 707 720 735 720 724
39 716 739 751 706 731 743 1010 713 713
698 738 713 716 59 747 724 733 688 720
723 1013 728 718 708 757 737 716 69 720
745 745 702 727 740 995 711 688 723 755
699 707 71 701 744 721 700 719 752 1035
697 709 713 708 683 683 59 737 741 731
715 721 743 1007 714 697 690 734 711 730
46 727 719 745 692 740 728 1021 692 710
713 745 704 698 540 736 734 46 718 721 713 728 697 723
1008 697 706 719 694 734 729 57 727 719
721 717 716 715 994 705 713 744 733 729
747 52 728 698 706 732 717 696 1012 743
721 731 731 737 710 48 684 674 685 702
701 706 1025 715 755 728 729 723 714 37
722 704 717 729 726 703 1012 700 735 746
729 736 727 48 724 685 706 708 711 709
999 724 718 726 699 716 722 58 690 722
713 725 705 695 1019 701 734 705 708 749
733 43 722 679 691 715 715 712 992 711
733 733 697 716 739 511 702 706 693 61 727 708 704 687 717
702 982 655 675 695 692 695 662 72 733
732 685 713 683 690 977 675 678 707 704
718 690 68 717 718 705 699 707 711 1004
663 706 717 704 711 696 32 708 707 682
691 701 732 1004 685 703 698 694 713 684
63 738 727 718 719 676 692 977 702 706
718 703 676 688 48 707 692 686 705 706
703 989 671 669 701 671 701 695 39 720
740 677 688 687 705 979 687 653 698 701
697 712 56 701 720 704 720 682 686 968
686 665 685 707 725 695 523 691 710 728 689 55 701 717 712 728
674 708 974 711 713 705 695 717 677 74
711 689 737 707 659 720 990 701 744 683
709 732 673 65 701 701 709 709 693 739
984 710 710 713 687 737 666 77 695 681
692 723 700 734 1012 734 717 697 681 693
701 78 696 716 736 685 682 718 1018 715
729 709 666 706 693 78 665 687 734 715
674 711 990 717 711 662 686 735 685 52
701 692 702 719 675 702 974 695 700 707
694 725 675 72 696 711 716 730 684 693
991 725 693 698 715 713 690 549 750 736 749 750 741 55 740 715 715
730 701 721 1031 705 747 728 697 726 753
49 722 709 712 734 696 715 1032 736 744
751 718 724 722 40 699 728 696 725 737
736 1035 749 755 743 736 732 699 57 717
712 699 725 730 734 1034 734 752 736 705
720 730 48 739 709 713 724 713 735 1042
739 758 716 692 737 712 69 730 715 738
738 719 726 1011 720 716 727 723 735 725
35 728 711 704 750 711 702 1003 732 741
726 741 752 721 45 734 732 723 715 701
728 1019 728 750 729 719 741 710 492 749 730 742 742 760 711 27 682 708
702 706 689 734 996 739 732 704 720 752
732 55 723 689 690 725 698 720 1037 737
744 720 701 747 723 38 727 718 723 745
706 721 1030 729 718 716 703 717 694 47
714 722 715 745 717 709 1033 752 717 712
706 755 731 39 709 713 707 704 712 729
1022 740 713 705 722 733 697 59 703 729
690 708 682 720 1002 707 700 734 723 747
744 55 703 716 712 714 693 722 1008 739
740 741 731 726 712 31 704 715 692 711
681 730 1007 734 747 728 707 721 726 501 1033 722 752 731 746 702 741 60 727
725 718 719 741 717 1021 722 696 753 751
728 740 29 712 728 719 727 751 715 1028
735 710 738 731 717 722 49 711 723 711
699 753 739 1033 733 727 728 702 716 721
55 733 749 736 734 728 737 1038 715 717
715 729 716 723 39 712 720 722 745 741
713 1029 722 705 743 696 723 736 41 744
719 701 723 723 693 1000 713 720 713 724
719 736 54 711 733 721 694 721 722 1046
714 720 751 717 706 740 49 725 693 696
710 721 714 1026 744 722 726 739 720 731
480 712 1022 711 711 742 682 719 690 53
706 705 671 721 701 712 995 672 697 720
695 734 710 55 718 699 681 726 718 709
1015 697 699 717 726 719 709 39 724 732
695 728 715 724 999 687 688 692 707 708
689 39 727 727 725 707 695 731 1007 676
692 733 706 738 725 57 729 720 716 721
718 727 992 691 708 699 691 735 697 48
724 717 689 720 705 711 989 678 679 733
716 715 682 13 736 714 689 683 686 728
1002 717 723 701 703 731 724 29 718 685
691 694 693 731 1017 697 691 727 713 722
717 470 692 713 1010 717 694 666 716 695 716
39 715 710 723 697 679 679 964 693 700
685 706 729 686 44 703 725 700 716 691
690 984 679 703 712 683 717 707 38 705
709 719 706 693 704 998 698 686 696 689
694 702 48 732 716 723 711 711 710 970
687 708 680 703 723 678 36 709 742 713
699 688 673 968 699 673 668 708 722 727
52 700 720 690 699 664 677 987 704 677
706 676 701 704 47 708 682 698 697 697
685 1005 692 701 692 720 720 706 55 682
707 694 705 704 703 998 695 663 709 707
725 717 479 728 741 722 1017 705 697 714 680 702
718 37 725 718 701 721 714 687 1007 700
702 714 713 698 711 66 729 719 748 718
719 688 998 700 730 686 715 678 716 70
730 695 725 725 701 700 979 666 702 683
684 689 713 63 753 695 748 741 711 675
998 689 698 686 711 686 735 58 741 705
714 721 727 669 1010 662 711 706 706 711
704 30 731 699 701 712 697 686 987 695
708 698 698 693 731 44 696 702 711 748
723 695 1002 693 690 704 693 715 711 45
718 714 722 712 717 704 984 703 716 701
700 703 713 493 738 746 742 734 1037 693 710 691 715
727 736 51 729 707 708 724 684 728 1038
712 718 723 697 723 717 43 740 734 739
738 698 719 1027 736 697 740 702 715 738
59 739 757 716 738 713 703 997 704 694
719 690 726 744 54 713 752 739 754 721
692 1035 719 699 726 702 725 720 46 743
729 715 743 704 714 994 725 715 712 728
715 742 31 695 718 719 722 700 696 1025
738 690 720 685 741 739 70 707 735 738
734 739 724 1011 706 707 734 689 696 730
32 698 740 723 736 740 684 1008 737 696
723 691 724 744 485 695 727 716 736 709 990 722 698 747
702 703 702 42 709 682 697 703 745 700
1010 719 759 713 679 704 730 40 737 693
701 709 733 716 1020 731 730 731 713 700
700 18 710 690 685 711 700 697 993 691
707 732 730 706 743 67 731 700 703 702
739 717 1003 707 761 693 715 686 748 42
710 681 703 712 736 680 987 704 741 723
681 695 719 54 701 684 688 707 708 709
1019 690 719 720 697 690 718 62 696 724
709 714 710 696 994 717 725 721 696 685
717 76 699 684 727 727 697 702 1027 725
749 725 710 692 734 546 727 752 752 731 718 700 1042 711 745
713 725 718 725 80 720 711 721 738 730
707 1028 725 726 709 699 730 741 48 732
727 733 743 719 733 1020 711 701 697 715
712 745 48 747 734 758 718 707 725 1004
685 702 724 718 741 754 47 733 744 725
737 721 700 1031 742 685 714 723 754 746
48 731 726 728 737 685 715 1023 732 725
714 731 745 711 63 723 734 724 707 714
711 1010 708 698 720 715 710 698 54 755
712 744 720 719 706 1036 734 718 701 698
744 710 60 734 728 747 718 719 737 1034
718 707 696 732 755 729 505 57 734 702 730 714 669 708 959 703
684 673 658 708 669 55 695 688 693 712
671 691 998 681 663 666 671 702 728 50
710 701 696 714 698 696 992 684 689 712
691 704 695 55 691 706 681 699 662 676
963 666 682 688 697 726 701 70 719 677
716 726 674 711 1000 663 695 665 692 725
709 64 691 685 705 701 649 689 989 686
678 700 676 698 700 50 694 695 704 717
695 671 972 679 693 669 679 690 680 56
712 723 690 707 671 701 991 685 692 675
688 710 688 64 704 712 687 682 703 707
999 688 669 695 700 696 721 523 728 47 730 721 710 709 740 683 1014
707 709 703 700 669 711 20 700 723 737
725 706 718 986 676 707 715 699 709 724
32 704 708 723 709 711 709 989 693 712
691 703 701 717 48 734 692 705 691 698
689 992 710 718 704 722 725 716 49 708
713 717 705 707 708 972 689 688 720 719
688 707 44 690 713 693 701 697 719 1012
675 706 708 673 672 683 38 725 709 703
719 700 709 985 692 696 686 699 699 731
21 714 687 716 695 719 694 998 670 707
707 710 691 699 51 726 693 687 732 727
712 995 682 715 731 692 716 705 545 729 741 56 725 753 708 742 710 724
1014 699 682 730 686 726 735 48 733 751
715 731 730 716 1000 705 687 756 726 723
753 42 735 730 703 744 732 696 1017 744
698 743 725 729 717 47 691 706 681 716
716 704 1029 716 731 738 722 717 723 55
728 737 712 742 740 704 1018 702 709 759
723 729 736 53 730 716 703 723 724 710
1005 727 694 736 692 711 730 37 696 753
709 737 720 694 1025 704 711 716 702 742
740 61 728 712 686 728 731 711 997 714
709 743 692 709 744 46 700 743 716 740
735 696 1004 707 716 739 742 704 733 521 724 691 703 45 713 709 713 678 741
705 990 681 687 699 715 682 672 74 721
733 693 701 707 692 986 700 690 709 726
705 699 65 704 716 713 687 730 713 1011
687 718 720 727 698 707 44 696 707 690
680 726 735 1012 709 717 701 716 698 693
66 725 727 726 707 700 693 985 727 718
721 726 662 696 49 695 691 693 695 731
705 996 696 681 703 691 689 706 51 706
739 686 678 711 706 987 710 666 702 723
682 720 46 689 719 713 708 708 688 976
710 678 688 729 712 703 46 677 740 717
715 716 697 992 710 709 720 709 680 710
522 714 731 715 704 45 704 723 691 708
689 693 977 710 710 728 716 704 694 48
714 697 715 689 676 707 993 702 739 706
730 719 690 26 704 708 687 689 709 724
986 709 706 736 707 723 682 32 699 688
670 705 716 720 1015 730 713 721 701 679
715 41 700 722 715 667 698 706 1020 713
724 733 690 693 710 40 670 695 712 695
690 697 992 717 706 687 707 721 698 34
704 701 679 700 692 688 976 693 696 732
715 710 693 31 699 718 695 712 699 679
993 723 689 721 736 698 705 52 712 727
716 707 680 688 1010 702 714 704 708 730
692 510 689 698 707 703 726 59 735 712 699
710 689 672 985 646 685 685 656 677 738
58 716 709 693 710 681 667 988 679 684
709 677 677 708 71 696 726 677 703 725
688 991 692 694 702 697 682 686 54 709
708 677 705 716 687 991 677 690 698 665
674 718 56 734 712 690 703 699 688 999
683 696 676 652 688 697 68 723 715 717
716 709 679 966 664 656 687 682 686 711
68 719 710 682 728 697 657 958 675 680
685 702 701 707 50 729 732 701 694 689
683 973 671 689 687 681 691 694 81 722
720 691 687 706 691 982 683 643 691 675
691 698 479 713 703 712 742 722 716 65 693 715
705 680 702 704 978 705 704 679 721 714
737 53 736 694 690 700 712 690 1021 701
715 694 702 709 727 75 737 722 726 721
719 690 1011 694 686 689 701 680 697 39
722 726 718 718 732 682 1015 715 687 683
710 717 734 59 722 715 711 677 726 700
1005 704 684 677 723 696 699 42 717 731
692 683 696 692 984 671 671 707 723 710
746 59 714 721 714 687 706 694 989 705
713 712 728 689 715 45 714 721 697 687
696 705 988 697 719 700 707 684 731 68
742 726 709 676 712 694 1018 674 699 714
715 691 724 502 1036 732 755 732 734 726 724 52 722
724 722 735 723 739 1025 733 701 754 737
752 723 57 706 726 725 744 731 738 1031
745 715 738 719 741 707 46 707 725 715
715 733 759 1036 741 730 728 690 739 704
57 731 750 741 752 708 758 1042 724 721
716 717 741 706 55 707 721 726 762 721
735 1032 732 710 744 685 744 719 45 739
718 703 738 706 715 1003 722 726 714 712
744 719 46 708 732 724 712 703 742 1050
725 724 751 704 730 723 31 720 694 700
726 703 734 1029 756 726 727 727 744 714
47 713 726 702 739 730 740 1003 722 741
716 704 744 725 484 693 1026 740 705 734 681 713 712 58
680 717 684 727 713 694 998 702 687 711
693 727 733 43 693 712 695 730 730 690
1018 727 689 709 725 712 731 64 699 745
709 733 725 706 1003 718 681 686 706 702
711 45 701 741 737 714 705 713 1011 705
684 727 705 733 747 51 704 732 730 726
729 709 993 720 699 693 687 730 720 55
700 729 702 726 717 693 992 710 674 724
716 708 704 51 710 726 701 690 696 708
1005 748 714 695 703 726 747 39 695 697
703 700 704 715 1021 727 685 716 712 716
741 54 691 716 704 731 717 670 998 727
710 699 690 721 736 458 693 698 1001 713 703 661 710 680 717
50 705 689 712 688 679 664 953 691 709
682 700 715 686 49 693 704 691 707 692
675 973 676 711 708 677 704 708 31 694
686 709 698 693 689 988 694 693 692 682
680 703 54 722 694 712 704 712 695 961
683 716 676 695 709 679 39 698 721 703
690 688 659 958 696 680 665 702 708 729
45 690 698 679 690 665 662 976 699 685
702 670 688 704 54 699 659 688 689 698
670 995 688 708 687 713 705 707 36 673
685 684 698 703 687 989 690 672 705 700
711 716 28 703 703 700 689 669 667 993
692 688 683 702 712 692 491 726 750 736 1030 729 697 742 699 710
722 35 718 734 689 718 722 700 1020 725
701 742 731 707 715 34 720 735 736 716
726 700 1011 726 731 713 734 685 718 47
722 712 714 723 711 714 992 691 703 711
702 695 716 34 744 712 738 740 721 689
1010 714 697 713 729 694 739 50 732 721
702 718 736 683 1022 687 713 734 725 719
708 41 724 713 690 712 706 698 999 720
707 725 717 700 736 40 687 717 700 746
731 708 1014 719 690 732 712 722 715 41
710 728 713 710 724 718 996 728 716 728
718 709 716 42 736 708 721 693 723 719
1004 713 705 704 722 722 706 505 731 730 758 747 1046 696 733 712 746
725 738 63 740 698 700 706 701 741 1049
714 738 743 727 720 718 54 750 726 732
719 715 732 1037 739 718 760 732 711 739
60 749 749 708 722 732 716 1007 706 715
738 720 722 744 19 726 746 732 739 737
706 1045 720 719 746 731 722 720 35 754
721 707 727 720 727 1004 728 735 734 758
712 744 50 704 710 712 706 717 710 1034
740 710 741 715 738 740 60 718 728 731
717 755 734 1022 708 729 754 720 693 733
48 709 734 715 717 757 697 1017 740 718
743 722 721 747 48 743 747 693 714 732
722 1020 693 732 761 734 699 738 507 711 761 723 721 726 1011 738 712 743
723 746 714 31 723 699 732 711 732 716
1031 737 772 709 701 746 742 44 748 710
736 718 721 732 1041 751 742 729 735 744
712 55 722 707 720 719 686 714 1015 710
720 730 753 750 756 73 741 716 739 712
726 734 1025 727 775 690 736 730 761 52
724 699 737 723 723 697 1008 722 753 717
703 739 731 72 715 701 723 716 693 727
1041 708 732 716 719 734 734 51 708 740
743 724 697 711 1016 735 740 715 718 727
730 63 710 702 762 736 683 720 1048 743
763 721 732 736 745 54 742 713 727 747
696 718 1003 713 743 726 722 751 756 535 703 738 738 707 711 704 1029 716 742
708 731 706 704 71 695 697 709 714 723
711 1015 732 722 702 706 719 720 54 708
713 721 719 712 736 1009 717 699 692 722
701 725 37 723 719 745 693 701 727 992
691 699 720 725 731 735 37 708 730 712
714 715 704 1019 749 681 709 728 743 726
52 706 712 717 713 679 717 1010 738 720
708 738 734 690 64 699 721 711 683 707
715 997 714 695 714 720 702 677 39 731
699 732 695 712 710 1023 740 713 696 705
734 689 42 709 715 735 693 710 741 1023
726 703 691 739 744 708 38 698 702 730
695 707 684 1005 746 713 683 728 737 720
534 31 749 715 727 728 711 733 987 729
707 716 681 705 685 35 711 705 690 727
714 715 1027 705 685 709 695 699 742 35
726 718 693 730 739 723 1019 710 713 753
713 702 708 35 707 722 677 717 703 701
991 691 707 730 720 726 714 32 735 694
715 743 717 737 1030 686 717 707 716 723
724 42 706 704 702 718 690 713 1018 709
701 743 699 696 716 48 711 711 702 733
737 695 1000 704 714 711 705 688 694 35
728 739 684 723 713 725 1020 708 715 718
712 709 701 50 721 728 683 697 745 733
1028 712 693 737 723 693 735 53 720 721
706 721 684 699 1031 693 693 736 717 709
711 516 734 60 734 726 713 681 742 669 1005
696 695 693 720 657 717 41 702 727 740
696 708 702 979 666 693 704 719 696 730
56 706 712 725 681 711 694 980 680 698
680 723 691 723 79 737 698 706 663 701
675 983 697 705 693 740 714 723 70 710
716 719 676 709 691 965 677 675 709 738
676 714 64 691 717 694 674 701 703 1006
665 692 698 692 660 689 58 727 714 705
689 703 694 977 682 684 672 717 689 737
32 717 694 719 666 722 680 991 658 693
696 727 681 706 53 728 699 690 703 728
696 987 670 702 720 712 704 709 42 734
685 710 663 703 708 991 654 709 702 747
692 727 536 719 705 38 705 718 719 733 703 744
1002 702 699 703 680 717 700 64 714 717
727 720 724 734 986 709 707 728 720 713
717 55 715 697 712 736 723 716 1005 746
713 716 717 720 681 67 670 674 691 705
707 725 1018 719 747 714 716 706 685 50
711 703 722 732 733 720 1005 704 729 732
716 719 699 55 711 683 711 710 719 728
991 728 712 710 685 699 694 69 677 719
719 726 713 714 1011 705 727 690 695 733
704 46 706 678 696 719 722 731 985 716
727 719 684 698 710 45 680 708 727 733
730 716 991 710 735 711 735 697 697 63
688 697 685 703 734 745 981 723 750 720
721 711 701 539 726 710 713 52 735 721 709 702 748
720 1008 685 701 728 717 701 683 66 743
745 689 726 714 707 1005 704 704 739 728
725 710 56 726 728 710 713 739 730 1031
692 732 750 728 717 716 45 718 718 687
706 734 750 1031 713 730 731 718 717 704
60 747 740 723 731 709 709 1004 731 732
751 728 681 707 38 718 703 689 719 738
720 1015 699 696 733 694 707 717 61 729
752 682 702 719 721 1006 716 681 731 724
702 732 52 710 732 709 733 715 704 995
714 693 718 731 731 714 42 698 752 712
740 724 713 1010 713 723 750 712 699 720
37 714 704 712 741 717 708 1023 725 709
726 708 706 699 530 691 728 726 692 42 713 741 719 721
684 713 980 706 700 706 711 717 681 57
723 714 744 700 669 725 997 698 729 684
725 732 678 53 715 726 716 701 703 743
990 706 694 715 704 736 670 75 709 705
698 715 710 738 1019 730 701 698 699 692
705 71 709 741 745 676 692 724 1025 711
714 710 685 707 697 69 678 712 741 706
685 717 997 713 697 665 704 734 687 51
714 716 708 711 685 707 981 690 685 709
711 724 678 65 709 736 725 722 694 698
998 720 678 699 732 712 693 36 723 745
746 718 673 709 1015 698 703 684 704 742
681 50 706 708 734 708 682 733 1024 714
695 698 707 708 702 527 731 724 752 718 732 38 718 704 699
697 706 700 1010 697 727 714 699 691 744
54 700 699 694 700 700 695 1011 728 725
738 721 690 714 52 677 718 681 692 741
715 1015 741 735 731 739 700 691 57 695
701 683 692 735 713 1013 725 733 725 708
686 723 54 717 700 695 690 717 715 1021
732 738 702 696 703 703 48 709 705 722
705 723 705 990 712 695 714 727 703 716
64 704 701 687 717 715 682 982 724 720
714 746 719 712 57 713 722 705 682 704
707 997 720 732 717 723 708 699 45 704
711 696 676 720 716 1006 729 683 719 720
708 703 76 711 734 694 672 721 719 1027
732 725 690 730 719 713 464 727 706 732 701 719 683 56 660 690
667 703 686 717 966 718 707 694 679 712
705 47 700 669 655 720 696 703 1005 716
719 711 659 705 694 44 703 699 689 741
702 706 999 709 694 708 663 676 667 42
689 703 681 741 714 696 1000 730 693 701
666 714 703 69 687 691 672 700 712 713
992 720 686 695 682 692 667 57 681 710
656 704 680 703 971 684 676 724 683 705
716 48 678 697 677 709 689 704 976 718
715 731 690 685 685 60 682 696 657 705
680 714 975 715 724 718 668 678 699 53
708 703 671 698 694 709 1002 687 702 731
676 686 693 78 692 696 665 725 716 727
990 712 703 721 673 703 675 482 1015 714 741 703 741 709 729 39 713
709 722 698 708 705 1003 713 685 726 745
736 728 51 696 711 723 708 718 702 1011
726 700 710 727 726 712 46 697 708 715
677 721 726 1015 723 716 699 698 723 708
46 719 735 740 714 695 723 1020 707 708
687 725 725 712 62 696 705 725 726 708
700 1011 713 696 715 691 729 723 43 729
703 705 702 690 680 983 704 710 684 720
729 722 44 696 717 724 676 687 708 1029
705 711 722 711 714 728 56 708 677 700
690 687 700 1008 736 713 697 733 730 719
42 701 711 704 703 717 706 982 703 726
687 711 726 730 51 724 696 722 724 729
712 1010 688 720 712 739 719 696 491 724 1035 733 708 751 710 732 694 70
702 727 680 711 708 724 1007 694 695 729
724 747 715 59 714 721 691 716 722 722
1027 719 697 727 754 733 713 70 720 751
703 718 720 736 1012 709 686 703 736 721
693 66 724 748 733 697 700 744 1020 699
689 743 734 751 731 58 725 741 726 710
723 739 1004 714 705 709 718 749 702 55
721 737 698 710 710 725 1002 701 676 742
745 727 686 45 731 735 698 673 690 742
1014 740 720 711 731 744 729 30 714 706
699 682 697 744 1031 720 688 736 742 735
722 40 714 724 699 716 711 702 1007 719
713 717 719 740 717 58 714 731 730 709
707 724 1000 738 721 727 724 715 705 