504 532 678 538 700 710 532 719 712 706 549 707 720 735 730 546 720 700 700 721 736 486 711 705 732 697 733 748 484 980 727 709 690 717 728 716 457 685 980 694 700 705 720 714 682 456 687 716 987 684 722 710 690 690 664
479 699 717 713 1004 706 709 703 702 681
715 481 701 708 709 712 1023 715 715 708 700
679 721 504 713 733 739 719 724 1039 715 695 704
719 744 742 529 677 708 711 723 728 701 1009 710 686
691 726 697 734 532 54 700 702 723 727 713 723 1006 700
718 730 718 756 702 542 704 52 722 718 736 740 708 720 993
726 730 712 712 725 728 546 728 709 72 734 707 708 719 693 707
996 694 748 743 738 732 720 520 704 732 708 48 726 731 696 692 667
669 995 704 697 712 708 738 737 540 718 730 736 694 54 728 722 694 684
706 728 1014 720 727 737 745 710 690 531 697 680 695 719 748 52 719 733 720
697 692 684 1026 710 689 720 705 729 742
464 672 679 710 676 711 695 63 719 701
674 688 700 732 980 681 686 699 676 701
665 465 963 724 721 687 714 695 705 53 661
652 682 687 708 696 989 719 707 688 692
700 706 485 704 1011 733 734 746 743 732 709 51
668 692 703 727 712 719 1025 748 700 726
742 720 686 499 709 737 1028 718 764 735 732 728 703
52 742 695 753 707 740 747 1038 704 749
722 715 689 706 492 694 711 726 1015 696 722 728 719 700
719 44 743 744 715 727 725 706 1006 720
706 712 700 711 745 487 712 710 719 736 1028 720 738 706 708
680 707 40 746 683 730 713 756 728 1020
689 723 684 710 695 729 459 652 715 708 684 713 995 686 695 658
685 717 691 71 699 694 697 716 661 709
981 699 703 680 718 719 697 554 695 748 708 743 716 713 1032 724 678
727 739 741 753 63 719 766 733 730 716
726 1004 712 705 745 727 728 720 533 57 690 713 744 744 716 717 1010 714
713 714 706 759 713 42 718 742 730 755
690 675 992 731 734 711 717 697 732 507 673 56 713 668 708 689 677 700 956
679 726 688 713 703 695 68 713 688 714
669 651 696 987 701 722 691 694 744 687
510 669 676 53 687 687 673 718 694 681
955 688 711 721 679 672 689 78 689 689
669 694 705 722 996 699 720 689 676 684
679 535 697 708 703 57 755 722 720 715 706
688 1007 689 721 702 700 715 736 68 722
719 697 711 739 721 1017 713 683 723 721
665 684 517 689 691 707 702 40 709 697 690 688
703 686 990 705 718 709 707 679 700 58
721 674 687 729 745 678 996 693 709 725
678 659 728 520 678 686 710 703 734 64 715 736 700
667 695 684 1016 698 671 726 720 712 727
44 661 702 721 692 709 690 969 714 673
673 683 703 707 477 692 685 707 672 719 732 40 716 714
696 709 711 712 995 702 688 695 673 708
704 51 707 734 738 733 735 681 1018 697
656 693 695 682 701 465 960 691 706 669 723 692 688 61 690
664 695 674 705 708 985 685 692 673 701
695 689 56 716 701 713 673 701 726 988
662 690 693 694 699 688 491 726 1018 731 746 727 751 712 697 67
683 686 733 729 743 741 1031 741 713 707
750 702 676 58 723 706 741 685 736 753
994 720 755 710 731 715 707 466 667 694 993 703 708 718 709 717 693
61 707 701 719 680 700 705 1001 690 696
704 690 680 699 66 708 700 686 717 694
660 959 706 690 675 713 691 714 479 682 704 715 1003 713 697 705 717 690
711 32 712 753 721 713 719 697 994 735
679 688 696 701 737 48 698 725 735 696
714 690 1005 693 682 710 708 697 701 465 686 707 698 711 1007 713 719 700 679
668 702 34 723 672 704 711 737 701 998
683 704 679 682 685 724 38 672 715 692
687 699 687 975 682 715 668 713 689 693
479 675 715 710 705 712 1013 705 697 684
710 721 717 43 708 718 696 715 684 709
1000 719 707 707 744 722 722 41 727 721
696 691 706 693 990 700 705 710 710 730
698 522 673 712 711 727 711 723 1002 704 673
686 715 707 703 43 700 727 735 714 710
732 976 692 700 703 703 693 670 67 711
707 678 707 702 720 989 705 730 675 711
680 678 538 45 714 730 737 722 751 745 1013 699
706 732 735 731 692 62 740 759 720 733
728 707 996 717 727 726 746 670 708 76
709 699 714 706 709 726 995 739 685 715
719 694 687 515 694 63 716 697 731 719 686 694 968
695 715 681 698 710 719 38 715 716 739
699 664 691 999 716 712 683 682 752 709
53 683 694 701 705 667 657 1005 676 705
681 683 713 731 535 707 704 42 703 726 718 710 700 698
986 713 717 719 731 710 714 59 705 727
713 690 714 738 1028 726 727 690 729 721
706 69 702 698 727 685 697 734 992 716
706 691 729 738 708 550 733 739 711 64 766 722 741 702 698
701 1022 701 743 705 736 747 743 71 731
722 718 698 731 734 1033 724 707 724 758
697 693 52 740 705 717 681 747 722 1020
699 729 711 750 725 711 535 702 705 724 682 67 704 700 701 697
706 727 1005 733 736 719 722 698 681 48
716 677 698 739 749 720 1012 720 727 737
689 677 710 53 702 685 704 720 695 733
991 721 721 718 715 715 721 550 723 722 704 717 745 31 752 732 705
711 720 713 1044 704 715 762 714 726 736
64 699 699 728 737 734 718 999 716 719
710 678 717 719 66 737 697 736 721 709
711 1018 727 753 741 723 716 713 462 691 691 695 697 738 724 53 702 695
692 671 678 707 984 702 694 684 696 728
694 69 692 712 734 697 700 676 1008 696
664 683 718 701 692 61 674 694 711 672
681 694 979 727 672 674 738 707 728 485 981 710 706 694 727 711 686 56 700
694 697 700 714 739 1006 703 688 699 705
715 689 72 727 733 716 699 712 756 1009
683 691 720 698 720 687 44 714 722 711
694 715 735 1016 677 695 708 709 717 673
461 684 983 714 694 722 705 718 690 43
646 694 689 726 687 698 998 730 661 700
705 703 667 49 684 713 697 678 681 712
959 702 698 704 684 718 696 84 677 702
669 705 676 697 972 720 690 712 690 699
708 454 667 711 986 707 705 719 686 706 665
48 691 693 708 693 700 721 993 692 692
705 669 669 670 73 693 694 674 728 695
677 953 711 686 676 692 681 684 44 686
682 699 687 686 692 984 726 692 721 688
710 649 462 650 697 715 986 689 711 693 723 674
690 60 712 718 709 683 711 698 976 712
693 677 703 685 716 55 700 689 723 666
706 688 988 670 693 698 715 681 679 51
693 695 697 682 697 714 1005 710 722 661
719 686 663 475 692 720 686 728 1015 716 730 707 679
693 697 52 733 675 709 724 725 718 1008
686 714 687 682 711 720 48 682 717 697
702 688 704 984 686 725 676 713 714 689
33 707 684 725 695 694 715 1000 713 690
701 670 706 690 462 667 717 727 692 713 1001 680 688 664
674 716 699 61 712 710 698 733 669 708
986 695 696 686 707 718 704 31 733 712
695 708 693 693 975 677 694 690 675 724
680 49 683 686 683 709 716 719 1005 671
705 684 662 688 690 517 663 711 701 716 709 721 997 705 666
688 717 701 698 46 691 726 726 703 708
730 970 693 693 705 706 689 664 67 701
706 668 696 699 718 983 706 724 677 714
675 672 16 677 712 719 700 719 724 973
736 669 688 699 678 677 542 64 726 712 721 740 750 742 1016 691
725 750 722 736 699 54 752 744 704 749
727 704 1000 710 747 747 734 673 715 79
720 683 697 723 708 723 997 733 707 735
706 698 695 47 742 720 733 734 751 723
1018 690 707 702 712 690 684 528 672 19 708 700 709 701 701 727 976
713 723 713 726 707 694 54 707 720 719
682 674 724 1007 734 717 715 708 746 685
49 673 696 680 688 680 691 1014 690 711
711 708 711 708 65 702 728 693 724 687
710 979 708 703 725 710 709 720 550 707 729 55 742 719 709 734 720 693
1000 694 742 748 729 710 741 48 742 723
705 713 732 732 1042 706 750 718 723 721
733 68 741 693 720 710 719 727 1005 697
730 719 726 737 736 62 749 712 714 698
716 716 997 696 717 737 716 721 727 509 671 688 691 55 720 710 692 704 688
665 981 688 696 693 674 695 722 59 687
707 668 699 721 699 990 712 658 714 696
645 671 41 693 690 666 682 736 681 978
685 681 697 688 674 689 81 675 707 690
708 681 686 960 702 667 686 672 675 727
540 691 717 753 694 74 712 701 724 696
688 727 1012 737 744 709 734 729 692 62
724 677 718 737 730 719 1019 722 736 726
701 706 722 71 707 687 725 718 675 732
997 725 729 705 728 745 733 45 721 709
731 710 672 708 1007 721 727 723 706 741
685 525 703 713 713 709 745 63 718 723 686
674 699 684 1024 708 697 752 722 716 736
57 665 688 706 699 714 690 978 722 699
699 687 710 718 41 705 686 715 685 687
682 998 729 734 729 730 710 712 52 695
706 669 684 699 686 983 727 733 714 722
698 719 498 723 723 750 714 745 729 48 723 715
688 703 721 753 1020 733 728 737 713 734
699 62 710 731 730 729 743 723 1043 727
694 736 737 709 696 72 694 711 708 704
725 742 1015 757 705 729 756 711 732 70
692 716 684 694 735 717 1010 755 719 751
709 712 698 486 985 740 738 695 740 704 704 66 678
666 704 693 730 728 1010 734 723 697 716
709 706 37 702 703 723 691 725 745 1013
711 723 720 712 711 706 56 691 696 718
687 730 725 1019 706 730 706 721 708 691
63 683 684 726 695 717 726 1022 740 749
709 741 696 708 496 723 1020 710 740 753 739 716 706 69
705 696 711 744 743 735 1034 722 708 733
738 705 685 60 744 718 720 698 736 748
997 701 746 735 720 718 713 51 737 706
692 724 732 737 1008 714 738 744 724 695
721 80 707 692 690 704 725 728 1017 707
730 744 703 714 699 477 666 699 1003 708 713 713 699 734 701
70 716 710 739 704 697 711 1011 695 700
698 679 697 707 72 717 711 704 740 691
665 968 711 694 669 703 706 722 33 709
700 729 699 683 682 1002 728 698 716 702
737 685 52 687 725 693 701 706 696 1014
686 677 679 697 712 744 479 673 699 739 1005 708 725 714 725 697
691 63 718 729 713 707 713 722 995 732
707 699 705 707 716 48 704 701 728 689
709 712 1006 690 708 720 717 704 679 52
698 706 700 705 698 739 1023 731 736 683
722 709 664 37 695 700 704 727 706 722
979 728 714 715 728 716 688 484 709 724 714 717 1027 719 725 706 691
680 722 21 745 694 726 728 752 708 1017
688 710 684 693 696 745 38 694 738 714
704 716 694 995 688 721 673 723 703 714
30 720 703 742 697 721 704 1010 716 687
699 679 695 714 45 702 698 729 729 746
693 1016 687 730 690 701 713 720 499 688 743 753 712 711 1036 698 717 689
700 745 749 53 745 731 724 757 689 707
1022 715 726 711 734 745 755 66 764 734
721 734 715 693 1010 695 725 713 700 754
731 62 714 705 710 734 738 719 1040 692
735 710 687 717 741 51 709 710 735 762
689 721 1019 735 748 729 718 729 752 529 674 727 701 739 697 698 1008 711 664
701 708 727 736 58 699 745 725 726 697
709 979 698 691 719 696 713 702 34 711
724 668 720 689 697 994 712 721 690 704
700 709 54 688 732 721 723 708 701 984
742 667 701 692 703 715 57 696 726 715
709 716 706 1019 731 722 713 696 723 745
552 58 725 726 746 723 746 744 1026 705
727 738 751 753 711 48 752 754 730 735
724 705 1009 723 749 733 762 692 726 69
721 695 724 707 705 725 1007 745 707 721
735 715 707 35 744 733 760 718 748 726
1028 704 707 689 741 708 697 49 719 732
698 706 730 756 1032 741 704 713 759 726
706 513 684 43 717 702 715 697 702 698 963
687 704 690 714 688 708 53 716 721 724
678 677 693 994 707 699 690 696 730 698
50 683 699 686 683 683 661 1002 665 692
688 697 692 720 42 711 729 700 719 687
682 967 683 685 702 697 692 733 49 736
679 712 709 719 710 1005 672 686 705 724
709 733 515 696 708 76 723 691 694 694 684 668
967 665 724 719 723 701 719 45 723 694
690 674 696 708 1009 678 733 690 718 711
711 76 724 663 704 671 683 701 973 669
712 691 719 728 713 65 732 683 699 658
680 691 964 668 701 707 710 712 706 46
709 712 705 711 713 683 982 693 728 732
709 723 714 537 725 716 689 35 741 721 712 689 700
705 1007 706 723 715 728 723 718 61 706
720 690 687 735 739 1018 730 688 733 749
674 670 52 714 705 686 669 748 724 1006
704 709 719 743 702 686 46 695 716 710
694 694 728 990 720 697 708 726 705 725
65 709 710 729 695 740 730 1009 711 719
730 752 707 708 517 702 704 722 693 68 684 694 680 677
687 696 990 732 722 720 721 696 691 55
697 670 675 719 729 688 996 719 713 736
689 675 720 51 682 680 683 699 676 702
975 720 708 719 714 714 730 43 693 699
687 692 672 680 984 718 706 735 693 709
685 57 691 703 698 724 679 700 994 719
693 720 698 680 705 536 697 706 717 714 737 50 729 742 704
683 706 704 1033 708 689 746 727 723 729
48 675 708 726 708 719 710 987 722 691
693 690 715 711 25 715 705 734 691 693
702 1006 730 726 724 735 716 705 47 707
726 688 692 705 706 992 728 726 707 726
703 711 34 709 716 723 685 720 707 1027
706 722 703 711 716 685 472 678 705 722 680 730 726 45 728 692
677 700 697 719 992 688 710 712 678 719
696 44 716 710 719 725 721 686 1016 682
676 708 701 694 691 48 699 692 696 701
701 706 987 712 688 701 723 697 728 58
700 695 673 688 712 681 981 708 701 725
673 697 694 56 715 694 685 710 707 700
992 710 702 686 695 690 705 461 958 712 696 695 691 695 679 56 666
674 664 703 700 716 983 706 676 697 670
699 681 57 693 713 683 702 697 730 986
685 679 721 663 703 680 66 680 700 679
696 700 711 992 680 686 709 675 700 665
50 675 688 686 702 690 712 995 711 703
707 697 689 685 68 688 715 690 702 719
715 1004 683 666 695 652 708 691 485 713 1010 709 714 746 739 713 698 53
689 707 702 729 729 726 1023 724 681 724
738 702 678 50 728 728 712 682 723 740
985 700 720 728 718 714 705 57 721 717
683 709 718 727 997 713 712 736 723 693
715 60 692 702 682 688 711 718 1006 709
704 735 703 712 692 33 729 725 693 713
709 732 994 684 714 716 723 691 682 492 684 742 1022 734 754 759 736 742 688
76 721 697 722 695 718 752 1033 717 741
745 720 705 690 59 723 696 687 732 711
709 990 735 737 715 742 718 708 67 716
685 713 688 700 722 1022 750 743 760 737
749 671 64 692 710 676 691 722 739 1035
711 723 723 735 721 731 82 692 698 701
706 723 713 1003 754 723 731 722 727 715
469 689 687 712 992 701 691 696 696 693
700 36 709 744 716 720 701 693 984 723
674 680 675 705 726 50 696 717 730 704
697 686 995 680 677 702 686 700 691 28
691 722 705 723 687 712 1010 720 703 664
689 705 676 62 688 716 708 742 694 694
968 721 682 696 697 710 699 57 711 746
699 729 674 665 996 689 688 693 658 720
707 487 689 699 688 731 1026 732 717 726 715
708 710 53 732 702 706 702 727 723 1019
700 703 707 719 726 732 63 681 746 693
682 691 707 994 701 712 693 748 727 701
58 706 711 723 673 695 721 1010 731 678
718 706 720 701 54 690 705 710 704 720
705 1018 703 725 715 726 737 707 65 740
731 739 682 704 724 996 722 700 721 718
725 699 454 675 710 726 714 678 993 669 670 662
668 683 722 73 715 719 692 727 692 675
980 685 678 685 703 684 726 79 735 721
690 706 718 659 969 667 678 685 668 693
703 72 685 695 677 707 740 688 998 661
687 684 655 656 713 59 680 702 703 733
690 690 977 705 701 702 687 668 725 67
715 716 690 701 720 685 985 672 670 688
671 684 713 534 690 730 704 729 722 729 1014 703 673
707 729 712 713 49 717 744 729 716 720
739 988 691 699 725 718 699 681 52 728
725 673 709 713 727 1001 705 730 698 726
686 688 31 704 730 723 711 732 732 990
735 676 709 712 688 694 31 711 728 720
700 741 735 1027 724 730 722 716 709 725
54 724 710 714 720 718 737 999 711 716
711 720 717 697 510 46 675 692 700 695 699 716 981 690
695 719 714 734 674 39 703 720 686 705
677 674 964 710 718 714 726 674 691 66
669 660 678 677 659 695 960 732 675 702
700 697 672 61 694 699 714 687 702 697
982 688 677 671 706 689 662 67 668 700
651 677 684 727 986 728 673 695 723 710
671 60 682 690 705 689 676 682 959 718
695 708 704 697 689 518 666 54 696 674 692 690 713 712 960
704 729 710 717 675 688 79 697 694 700
673 686 709 993 725 723 712 699 714 682
60 660 670 664 677 691 677 1001 682 718
708 699 679 701 85 691 701 676 712 700
698 964 700 709 721 701 678 712 42 716
649 689 704 732 727 1003 688 712 726 727
695 713 63 696 678 676 696 712 699 992
731 701 702 695 696 661 518 694 694 67 727 705 713 726 687 684
970 668 713 702 692 700 704 65 727 710
708 707 700 723 1011 679 720 673 689 710
698 66 725 678 722 703 686 720 975 671
700 673 688 725 698 66 734 700 718 690
685 707 967 669 688 692 679 710 692 58
711 729 725 745 718 702 985 693 717 718
680 722 699 58 710 697 730 718 673 702
1003 668 690 688 683 689 681 506 689 712 688 51 712 718 697 683 663
666 979 695 686 688 694 718 717 29 676
717 676 680 697 702 989 718 650 706 716
669 668 60 685 700 673 664 711 685 978
691 672 690 705 697 685 71 667 714 696
690 657 688 960 708 658 679 690 699 722
45 678 705 714 689 705 691 979 699 679
702 716 701 704 56 677 711 679 688 679
714 968 713 681 692 670 673 706 516 664 684 714 674 73 705 684 711 690
691 711 986 707 724 682 701 690 672 72
715 660 708 732 733 703 994 692 717 700
669 666 700 53 700 668 713 714 677 716
971 694 709 679 695 705 713 44 714 690
718 705 675 691 981 692 706 696 673 702
663 48 712 696 731 738 680 712 991 692
697 680 681 673 687 68 704 679 685 729
725 704 990 661 721 650 656 689 657 511 684 680 709 696 727 62 729 717 693
655 691 678 1006 671 679 720 719 704 719
61 677 682 715 680 703 682 961 686 681
667 681 695 701 36 715 680 725 663 678
674 980 693 714 698 726 697 696 65 706
702 677 665 689 679 966 691 714 681 719
683 702 50 711 692 715 658 703 681 1002
670 712 675 703 697 675 44 706 685 713
703 672 696 960 700 665 670 719 691 695
465 669 685 716 702 738 733 58 728 703
678 673 681 704 986 681 689 706 700 730
701 64 716 720 718 697 703 671 1010 673
658 702 721 702 698 66 699 703 694 673
684 691 980 704 667 695 743 708 737 44
699 707 671 660 694 666 974 701 681 718
692 708 702 76 716 706 684 682 691 686
986 703 682 679 716 700 713 48 691 703
719 665 681 656 993 675 695 709 699 689
712 497 996 748 744 728 744 716 731 66 686
678 688 704 733 718 1022 742 728 729 723
722 733 42 709 714 707 700 730 734 1024
721 729 752 717 725 734 77 699 706 703
697 734 714 1030 715 736 738 729 721 717
79 692 694 712 703 722 716 1033 748 753
740 750 710 735 46 707 723 712 701 753
720 1043 717 718 727 705 730 743 72 701
730 682 724 704 713 998 735 722 720 740
705 742 478 690 1002 728 719 737 733 729 710 44
661 695 700 725 701 704 1016 743 685 717
732 716 687 21 698 714 708 677 695 718
978 716 723 720 711 731 717 70 691 704
679 704 689 702 990 733 716 730 718 710
728 34 662 687 679 683 683 695 998 728
706 726 697 729 703 70 699 710 690 708
681 709 985 703 720 709 716 706 695 54
683 708 716 682 689 696 983 719 682 721
705 718 711 467 657 694 990 686 707 706 706 724 690
64 721 699 728 680 688 705 999 673 694
693 686 688 697 70 721 700 693 716 683
658 956 689 689 663 709 697 713 28 714
688 717 676 674 676 989 705 692 709 708
729 673 59 692 713 682 677 696 690 1003
664 672 673 705 703 734 31 693 701 707
690 696 666 971 708 673 679 691 708 718
81 704 726 677 699 664 680 973 669 674
651 691 715 688 472 675 677 730 996 704 708 700 714 708
690 63 711 734 716 708 691 712 988 728
689 684 693 719 715 56 697 707 732 690
687 703 998 684 691 705 704 716 678 47
692 712 705 708 676 729 1015 725 720 669
708 719 664 51 690 706 708 729 683 713
971 724 698 700 716 726 686 33 713 735
701 716 664 684 1000 694 703 697 677 736
693 39 699 673 721 696 691 685 972 707
686 667 701 721 691 459 686 703 688 708 1002 733 705 693 677
675 699 52 697 681 705 705 726 697 994
702 692 674 681 693 721 62 646 724 693
684 690 685 970 702 701 662 710 696 691
37 672 688 719 675 694 697 987 731 667
687 669 687 689 49 654 682 707 708 719
682 994 702 713 682 690 707 695 53 705
709 736 684 701 701 972 722 688 689 681
691 689 54 678 693 701 705 688 688 967
695 670 692 678 695 690 463 656 703 718 700 688 998 687 694 673
681 705 718 60 703 700 685 722 678 686
984 700 703 697 715 705 723 46 722 702
683 697 701 669 973 683 701 700 679 713
699 38 673 674 671 700 725 697 1003 678
712 694 668 676 709 41 667 680 696 726
674 700 982 724 726 715 698 688 721 52
704 696 685 697 705 696 990 688 695 699
683 705 708 49 684 678 687 681 666 669
964 673 729 693 687 694 674 538 711 716 708 726 701 707 1015 685 689
706 730 733 735 62 737 732 730 716 699
720 988 673 717 725 719 720 705 56 748
711 674 709 692 709 1001 686 745 696 728
708 711 64 726 718 726 710 710 711 992
716 692 709 717 711 717 70 734 714 723
700 721 717 1027 706 746 720 720 730 747
58 745 696 716 718 696 718 1001 692 733
714 721 739 717 55 707 682 686 692 702
680 996 694 707 697 723 716 706 539 42 701 716 737 735 749 747 1013 711
719 731 721 732 688 55 727 746 721 747
726 709 997 729 740 726 732 670 706 64
697 686 713 718 708 728 994 752 698 715
706 693 684 33 718 724 749 731 752 727
1015 710 699 682 711 686 675 44 695 724
687 720 733 760 1020 748 697 705 729 707
686 47 708 716 742 732 726 714 992 738
713 722 708 697 702 60 689 711 706 693
713 705 1030 715 688 708 706 675 724 522 673 43 722 707 704 692 719 717 969
691 709 709 727 679 696 74 721 726 714
674 693 712 1000 711 702 709 709 720 687
65 686 703 676 678 700 682 1008 667 696
706 709 684 708 76 717 734 690 715 705
703 972 686 688 720 710 683 722 45 740
683 701 705 736 729 1011 674 689 724 736
699 720 37 719 713 688 698 719 702 1000
716 679 702 702 702 669 49 704 706 670
671 699 736 991 667 668 704 696 687 696
548 727 707 46 731 739 713 747 696 712
998 703 719 741 712 731 718 59 734 742
709 727 710 751 1039 716 727 712 708 742
712 71 729 712 725 724 694 748 1004 706
708 712 710 758 712 57 736 731 718 711
692 734 997 707 695 731 701 742 706 60
717 761 727 765 726 728 1014 730 724 758
701 755 713 78 713 728 732 740 683 729
1033 703 698 728 703 720 694 52 713 722
722 732 730 747 1002 721 697 721 705 744
719 547 715 738 714 48 741 734 731 714 694
695 1019 721 726 710 718 745 745 43 705
733 709 710 727 728 1029 744 690 727 741
695 695 48 715 716 706 695 742 714 1018
718 712 714 731 724 713 45 695 728 730
721 687 718 1000 735 699 703 714 726 750
58 707 721 748 719 735 719 1019 725 719
725 741 728 733 47 706 727 713 720 708
742 1008 740 722 715 695 699 735 44 687
708 734 751 712 697 1011 716 707 714 731
732 740 507 666 688 715 665 79 679 691 697 673
674 706 976 719 705 684 707 693 663 66
691 665 691 714 715 699 983 703 696 701
673 668 691 62 675 675 698 697 661 711
961 705 690 682 699 708 702 43 688 696
704 686 659 688 971 703 688 698 677 704
655 46 686 702 715 721 664 708 980 704
677 683 684 676 678 49 678 685 670 712
709 699 982 673 702 652 659 692 648 40
669 696 723 704 658 703 958 681 681 695
672 723 677 516 702 690 681 682 724 47 736 701 687
684 706 685 1008 668 696 728 691 691 714
72 684 669 711 711 719 690 963 682 700
676 654 682 697 69 720 666 721 694 695
682 982 691 732 707 699 681 691 44 712
687 672 695 707 685 969 688 731 691 692
671 700 63 719 678 709 690 721 688 1005
667 729 685 677 681 672 63 713 670 707
734 689 703 963 696 682 677 694 678 692
52 721 691 701 682 705 701 967 675 731
681 694 693 666 493 687 706 739 688 749 737 53 748 720
688 720 706 735 1011 696 710 731 687 739
706 51 735 737 728 745 730 702 1035 690
676 726 709 713 701 53 718 720 706 720
711 723 1006 720 689 719 731 715 740 72
718 721 684 707 722 698 1000 717 701 743
681 715 705 61 734 722 695 730 716 716
1011 719 703 705 703 709 716 30 711 718
733 713 708 689 1018 691 713 737 688 697
717 55 762 733 701 715 697 705 1020 722
720 757 721 704 725 475 975 722 732 709 714 726 686 59 682
663 676 706 694 732 1002 715 714 710 693
730 691 57 707 701 695 703 693 749 1004
695 716 735 686 732 689 69 694 691 692
698 696 726 1009 688 721 724 699 731 674
58 690 678 698 706 684 728 1013 722 740
721 719 719 692 60 704 707 700 704 713
734 1022 692 703 710 676 738 700 47 697
716 670 724 664 727 977 711 708 702 708
714 699 63 709 699 688 691 691 710 1010
712 719 734 694 702 719 467 700 990 689 717 732 712 726 683 42
681 678 688 727 689 714 1004 704 686 712
712 712 661 53 719 698 695 680 681 727
967 679 722 714 693 726 690 76 711 687
667 706 678 715 978 695 713 724 697 704
700 53 684 673 666 687 671 706 986 689
705 724 678 725 677 55 720 696 678 714
668 721 973 665 716 703 697 704 667 51
706 690 703 686 676 705 971 681 681 717
686 714 684 54 708 706 667 697 693 725
979 707 711 699 680 731 683 500 710 747 1033 716 761 761 711 732 700
57 749 705 733 734 742 754 1042 700 745
746 696 695 702 48 753 707 700 771 736
709 1001 720 742 717 718 706 717 78 745
696 726 728 727 724 1031 734 745 762 715
737 682 68 722 721 688 730 747 743 1046
696 725 724 709 708 740 79 723 706 712
745 749 717 1013 738 727 732 698 717 724
63 735 735 683 750 719 735 1015 699 729
706 698 721 695 84 722 701 696 751 741
722 1044 726 713 736 707 704 718 463 681 683 709 988 700 708 713 693 689
696 52 702 720 691 715 696 692 979 723
691 697 674 701 722 45 688 694 706 698
693 683 989 680 694 717 685 698 686 49
683 698 680 714 681 709 1005 722 720 680
690 702 672 58 679 693 683 734 689 692
963 722 699 714 697 709 696 45 704 723
675 723 669 664 991 691 705 709 658 718
700 41 691 661 695 702 695 663 962 705
687 681 681 704 700 43 680 681 697 713
673 699 1002 700 703 729 669 687 730 469 689 719 688 729 1011 709 715 705 673
685 688 49 734 683 706 724 726 719 1003
678 700 683 676 703 712 50 683 725 693
701 690 706 979 678 712 673 706 706 680
35 709 692 722 694 696 717 995 706 676
698 664 697 681 20 691 687 709 724 718
704 1002 677 720 691 683 716 687 44 742
710 738 701 701 722 979 698 697 698 676
702 679 57 713 697 703 721 690 709 976
672 680 700 673 705 681 51 710 719 709
719 698 736 966 678 707 702 660 713 671
498 692 721 746 725 725 1033 723 708 706
703 731 731 39 717 736 701 751 703 723
1019 737 718 728 736 731 735 63 737 738
702 727 725 707 1009 719 716 732 701 740
712 41 686 710 687 728 748 735 1038 714
726 727 691 704 722 54 681 716 714 756
700 738 1017 759 741 748 721 714 734 57
720 732 701 727 730 734 1026 724 712 732
703 731 721 72 697 714 706 709 691 708
999 708 743 725 710 720 686 47 720 710
714 748 731 720 1002 741 705 729 717 706
723 530 687 706 706 714 704 714 1008 698 688
697 734 720 719 43 714 721 731 703 703
725 981 686 716 715 723 707 687 58 725
701 673 695 696 713 994 698 745 686 731
695 694 40 702 708 725 698 713 718 985
729 691 699 718 699 700 42 709 704 723
685 723 723 1021 719 746 710 721 717 730
57 721 686 716 706 701 723 993 705 732
703 724 725 702 40 684 671 686 679 703
686 987 709 705 686 725 703 689 36 699
677 706 701 683 682 1012 722 693 740 700
707 703 502 33 694 683 716 707 722 705 978 669
701 700 701 711 683 52 719 711 699 717
698 667 962 688 724 696 713 649 699 66
689 653 694 688 680 686 959 709 683 684
685 672 678 54 710 690 729 701 724 685
980 668 682 652 691 665 668 53 688 690
668 691 704 717 984 705 682 676 709 685
678 57 700 679 720 701 698 672 956 696
699 691 689 673 695 54 682 678 684 663
687 663 995 674 673 679 685 654 716 52
689 711 711 666 703 681 974 683 724 684
687 691 693 533 697 57 707 692 736 728 704 711 982
723 741 697 708 713 720 32 708 712 743
709 681 711 1014 744 737 700 692 754 712
57 675 688 706 715 684 676 1021 703 730
697 692 717 733 40 700 719 719 750 690
695 986 720 722 710 694 715 743 55 728
669 733 740 724 726 1023 710 724 713 720
735 746 59 707 696 720 735 706 699 1012
750 712 688 689 733 695 68 692 692 699
708 686 735 1005 703 702 691 682 721 720
79 704 718 704 716 706 708 993 752 707
710 697 710 712 526 689 704 45 695 697 705 721 700 680
974 705 727 716 704 692 716 63 696 699
702 699 713 721 1016 716 737 685 700 705
706 41 694 670 714 696 698 717 980 708
715 687 701 719 710 44 702 688 710 686
698 703 972 705 704 705 691 702 701 53
680 717 718 740 730 699 989 730 731 729
692 715 711 61 679 687 722 711 686 698
1009 705 707 702 695 681 689 57 676 678
713 706 736 716 976 722 704 694 698 706
715 65 703 680 686 729 722 679 1020 701
706 723 697 672 702 511 686 721 674 68 739 704 700 694 660
683 982 673 708 691 688 728 707 56 705
702 678 689 693 718 994 697 669 710 710
679 656 52 712 686 676 674 709 703 981
670 692 695 703 707 673 56 695 699 696
699 653 706 964 686 678 684 685 709 711
59 707 690 717 698 700 709 983 677 701
706 713 711 694 56 704 697 681 698 674
730 972 691 703 696 667 683 696 48 685
678 701 730 678 686 976 668 687 697 702
716 701 55 675 663 690 714 676 716 967
687 713 684 681 702 665 510 666 710 725 678 69 704 700 703 659
673 704 983 704 705 686 728 703 673 55
715 676 698 700 715 695 990 688 695 704
695 678 703 63 698 685 707 683 661 709
967 691 689 681 720 717 714 61 712 705
713 674 657 684 977 688 686 698 699 713
667 49 709 711 723 708 665 704 987 688
676 682 705 684 691 62 702 694 678 700
706 698 988 657 700 654 682 699 659 51
692 704 730 690 658 701 963 666 681 695
694 733 689 39 689 713 700 687 711 697
972 705 683 665 725 689 687 516 704 677 693 693 735 47 735 702 701
676 697 675 1010 671 699 716 703 703 726
57 683 668 724 700 710 679 965 686 701
664 666 693 708 58 720 665 734 684 685
673 984 694 735 694 711 693 703 54 711
687 686 686 698 677 971 692 734 679 705
682 711 59 717 678 722 680 711 678 1007
671 732 673 689 693 683 59 712 671 721
724 679 693 965 700 684 667 705 690 703
37 719 690 714 673 694 693 969 679 733
669 706 706 677 31 724 701 694 727 694
670 1003 685 706 704 698 676 701 468 695 700 700 686 712 716 43 704 691
693 686 709 719 989 705 704 687 685 701
688 47 693 710 736 711 731 689 1010 700
672 686 708 675 685 42 676 689 711 687
712 707 983 729 683 679 728 679 720 47
674 695 688 676 721 684 977 726 695 701
680 681 687 55 692 692 702 699 718 703
987 727 697 661 699 671 698 47 666 690
739 679 710 672 994 698 706 695 685 663
700 67 719 707 707 684 698 690 995 731
713 716 719 669 705 67 676 702 716 696
707 726 988 688 700 689 687 678 704 472 970 700 723 683 731 701 684 68 696
661 694 679 710 725 995 693 708 687 709
704 686 58 721 698 713 678 707 744 997
671 707 708 702 707 685 24 711 689 707
674 711 722 1005 665 713 696 713 707 671
42 701 679 715 682 699 723 1007 700 735
696 733 695 689 48 718 705 717 678 730
730 1017 669 698 683 691 714 696 66 711
716 686 699 682 723 971 687 703 679 721
689 695 72 722 696 703 668 706 704 1004
690 711 709 707 676 714 57 696 703 686
679 721 716 969 685 715 688 715 675 673
496 703 1018 713 720 746 742 737 719 48
696 715 714 737 717 716 1032 730 686 725
742 724 699 46 734 735 722 689 708 730
994 703 724 729 722 737 727 72 726 724
693 716 705 715 1006 719 716 737 726 718
737 54 698 708 692 696 698 706 1014 713
708 736 707 737 714 52 734 732 704 721
695 721 1002 690 719 718 726 714 704 36
720 728 729 696 703 708 998 707 683 730
716 726 723 41 723 743 692 706 721 727
1007 733 712 713 710 741 720 49 731 725
687 739 720 685 1020 702 678 699 724 714
733 488 701 729 1019 724 728 740 713 720 696
50 721 716 733 712 734 738 1027 709 714
726 697 682 700 50 723 716 701 748 728
694 986 728 711 697 720 695 714 45 716
706 725 706 719 709 1018 743 715 742 717
725 679 39 694 731 689 708 741 725 1031
704 695 705 711 697 738 52 694 718 713
721 740 699 998 745 695 712 701 703 722
58 705 744 681 729 710 717 1000 706 699
685 700 707 692 61 693 712 695 727 732
703 1030 735 682 716 711 692 714 49 701
722 716 718 716 737 1006 724 681 706 717
692 729 460 646 667 712 983 703 717 705 721 698
689 86 694 706 692 681 680 697 974 727
698 689 701 710 714 73 680 678 709 663
678 685 983 683 700 709 711 709 676 71
675 683 680 679 666 711 1001 724 729 673
717 710 662 51 672 678 683 700 673 696
956 723 707 708 725 719 685 44 697 707
677 688 654 668 987 695 713 700 686 727
690 73 681 647 696 669 680 666 957 704
695 671 710 712 689 46 671 665 701 678
658 703 997 701 712 719 697 697 721 51
664 691 701 650 691 703 961 698 703 689
712 733 693 486 703 728 720 718 1030 737 724 716 691
678 726 32 731 698 720 731 759 707 1020
706 711 695 693 695 749 50 680 742 708
707 722 694 998 705 721 683 723 701 718
33 707 706 735 700 727 705 1013 734 687
709 680 693 717 52 688 701 722 732 752
693 1019 704 730 701 702 711 723 26 738
727 752 709 734 711 998 725 706 712 693
695 716 63 712 712 717 729 722 699 993
698 690 712 690 700 717 43 708 735 722
728 730 725 983 705 715 713 679 703 708
52 720 721 702 716 737 677 989 696 718
689 704 716 700 501 701 746 749 717 712 1036 727 703 686
705 742 748 39 718 744 727 753 694 708
1024 742 714 709 738 742 752 68 736 748
725 729 719 695 1012 723 714 712 704 751
728 51 687 717 713 731 741 723 1040 719
724 708 693 715 738 59 682 723 738 758
694 725 1020 763 737 728 724 726 750 44
719 739 726 729 722 722 1029 728 708 712
705 743 739 71 697 722 729 712 683 696
1002 715 740 706 713 733 703 54 720 719
738 751 723 708 1004 745 702 710 719 719
740 42 703 698 723 725 705 691 1007 730
719 719 718 705 737 550 688 716 733 732 738 720 1029 728 707
699 748 716 743 28 714 733 760 721 738
730 1000 715 733 714 736 702 709 70 724
711 701 710 730 718 1014 726 765 687 743
690 717 51 701 719 753 714 747 724 1005
758 708 701 730 694 722 55 709 715 751
702 755 728 1040 747 765 711 733 713 753
71 721 697 745 724 734 728 1012 735 751
702 737 721 726 58 685 682 714 697 735
690 1006 737 722 687 736 700 712 69 698
687 734 718 716 688 1031 751 711 741 712
703 725 46 694 721 726 701 716 691 1009
744 738 719 712 716 727 529 63 714 692 738 715 712 720 1003 683
725 711 727 755 704 38 742 720 723 726
689 679 986 702 749 707 739 693 718 59
711 662 717 697 671 700 984 722 707 694
712 716 701 70 733 700 751 709 714 699
1004 682 706 664 716 709 691 67 709 698
691 698 696 730 1008 717 705 689 735 729
698 47 722 689 743 709 688 685 980 709
725 703 715 716 717 59 703 689 708 672
679 678 1019 688 697 691 713 698 737 71
711 721 734 674 696 695 999 697 750 697
713 735 715 48 735 682 703 675 699 701
994 698 740 664 729 742 716 512 680 67 719 696 723 721 710 699 962
685 712 682 690 679 706 53 720 714 731
702 687 696 993 705 706 682 673 722 697
66 685 691 694 706 691 664 1001 664 701
680 673 682 716 42 712 722 709 742 696
685 966 681 692 694 674 681 728 68 739
672 721 731 729 713 1004 671 693 697 701
701 730 38 717 701 708 726 711 687 993
709 683 674 668 700 680 73 700 694 689
697 690 720 984 664 672 675 662 688 703
59 715 721 692 707 712 695 973 714 676
694 677 677 697 55 712 704 712 695 706
673 1001 698 660 700 702 687 721 549 729 714 55 738 744 701 722 700 709
999 697 718 757 740 731 725 50 741 747
695 702 712 748 1041 711 727 728 738 741
718 86 737 716 712 699 696 743 1007 700
708 729 740 761 719 57 744 734 706 685
693 731 998 702 695 746 730 744 713 55
725 764 714 739 728 722 1016 726 723 772
730 756 721 64 721 731 719 714 684 724
1036 697 697 742 733 722 703 74 721 725
711 707 733 744 1004 716 697 737 735 747
727 46 748 727 684 732 721 704 1046 695
696 765 736 712 712 78 708 737 695 690
712 730 1032 700 730 768 763 721 724 521 698 723 684 53 721 702 711 693 668
685 990 703 719 692 700 732 714 50 685
702 688 689 703 720 1001 726 682 709 723
681 664 58 694 685 686 673 717 705 989
700 704 696 714 711 683 52 675 697 709
699 662 708 973 715 691 685 698 711 719
59 687 690 727 698 709 710 992 707 713
706 724 714 702 45 685 696 692 697 683
734 979 721 713 697 678 685 705 39 667
677 713 729 687 688 984 698 699 695 715
718 710 37 656 662 702 713 685 719 975
717 724 683 693 705 673 38 668 675 697
688 687 726 970 707 716 701 715 708 717
552 693 715 750 730 38 738 721 737 715
713 711 1026 728 743 713 731 723 727 71
749 698 733 755 754 701 1032 716 734 729
703 702 755 53 734 707 741 736 697 717
1010 715 727 707 727 741 768 68 748 727
745 730 694 692 1019 715 724 727 704 735
719 55 746 733 758 762 700 711 1030 713
714 708 711 707 743 76 738 718 710 755
744 705 1029 681 739 681 688 721 713 59
728 726 763 745 695 707 1006 690 719 721
699 756 742 75 727 736 732 742 749 705
1014 728 721 693 732 713 741 66 737 700
749 755 717 706 1033 716 754 701 719 760
722 550 710 711 722 718 749 40 745 747 717
696 721 710 1045 710 701 752 731 727 741
50 691 713 738 720 734 715 999 724 704
699 695 718 723 39 730 710 747 704 708
708 1019 733 739 730 739 719 716 36 723
731 700 706 720 712 1005 730 738 713 731
707 723 43 725 722 736 698 735 713 1040
708 735 709 716 719 696 20 721 714 735
744 703 728 999 739 689 701 735 715 716
48 729 735 728 692 718 729 1003 719 738
703 736 730 690 58 732 744 709 746 720
704 1038 725 711 740 726 701 714 54 714
720 738 726 727 731 1041 730 701 732 723
700 750 478 694 711 729 711 743 718 55 725 699
681 680 695 738 1000 704 716 719 710 734
688 54 711 715 722 706 718 705 1024 697
684 716 732 707 684 73 695 696 700 681
699 725 995 729 694 710 752 711 722 49
695 701 676 670 709 700 990 726 707 731
704 711 687 38 710 698 690 692 704 720
999 727 708 692 725 703 698 44 686 697
726 673 698 689 1008 699 720 725 710 695
700 49 736 712 697 677 687 707 1009 731
724 746 744 700 708 55 694 708 703 691
694 743 1002 688 713 720 711 709 706 53
691 721 705 683 705 748 1021 701 717 719
722 731 715 502 998 744 742 722 723 716 724 57 693
684 696 728 735 729 1024 738 724 724 700
723 726 47 718 721 714 725 733 743 1028
717 726 748 696 726 726 75 705 711 711
721 736 724 1032 712 734 734 707 721 711
67 700 700 719 728 725 726 1036 744 751
735 728 711 728 50 715 727 720 726 754
729 1045 714 715 722 683 730 736 54 709
737 689 748 705 724 999 730 720 715 719
706 737 37 720 719 708 716 731 703 1033
732 729 746 702 692 756 53 693 727 689
725 746 718 998 731 733 726 710 692 712
70 730 713 718 737 742 747 1021 717 731
724 742 736 731 486 711 1005 701 706 717 719 730 693 44
691 709 724 740 707 723 1019 715 673 695
721 716 673 69 730 729 733 695 697 739
981 690 713 700 701 730 702 73 721 719
704 720 695 724 994 706 703 707 703 712
711 56 693 704 704 701 688 716 1001 700
696 707 685 730 688 64 729 728 714 726
684 729 989 676 705 688 704 708 678 52
717 722 740 699 693 713 985 694 670 702
694 722 697 64 717 738 703 710 708 736
994 720 699 684 687 736 695 50 727 719
698 744 708 694 1008 688 666 671 702 706
708 44 723 729 716 723 728 706 989 717
673 727 716 715 703 460 656 715 988 709 704 705 696 721 665
60 693 699 728 688 688 727 996 695 691
691 676 684 670 75 695 699 692 722 683
682 954 713 686 661 701 696 684 45 687
687 717 682 674 698 987 728 691 707 697
726 648 31 665 711 681 684 696 712 999
688 670 669 693 699 707 43 667 700 706
695 695 688 966 730 670 676 681 703 692
70 678 726 674 705 665 704 970 691 673
650 680 710 661 49 666 694 686 704 688
690 999 720 656 681 692 695 683 83 675
702 710 695 671 726 974 707 655 672 697
694 698 52 665 699 712 696 694 687 1001
709 693 690 685 715 692 506 683 709 747 1029 715 746 748 748 720
720 83 744 740 714 718 723 730 1019 741
729 732 729 731 743 48 729 714 728 700
722 720 1030 698 731 753 741 729 706 74
724 718 701 714 710 747 1047 740 758 717
746 733 692 62 721 714 704 737 716 728
1002 738 738 750 753 740 715 41 746 741
696 722 697 701 1033 710 742 744 714 750
718 81 732 680 717 706 722 699 1002 722
725 715 736 734 720 60 721 700 720 714
699 737 1042 718 743 763 724 720 751 61
713 725 722 687 735 738 1007 714 733 732
742 755 721 57 749 737 734 699 703 734
1015 719 757 726 744 751 694 496 703 711 719 718 1038 735 718 728 719
691 737 29 744 716 720 714 758 709 1029
703 703 708 722 708 760 59 693 761 707
691 722 693 1005 703 713 694 752 713 729
55 720 725 737 684 726 707 1020 733 680
719 708 706 728 70 701 720 723 716 752
693 1027 704 724 714 730 722 734 45 751
746 753 693 735 711 1006 723 700 724 721
709 726 48 726 731 717 714 723 701 1000
697 683 725 719 711 727 61 721 753 723
713 730 727 991 705 707 725 708 716 719
69 733 739 703 699 737 679 998 695 712
699 732 729 709 41 751 734 730 685 728
709 1040 729 698 749 744 712 760 485 669 739 723 728 726 1022 701 716 672
711 712 716 67 723 712 721 728 704 724
1008 716 725 694 744 713 721 46 742 714
720 705 728 707 997 698 725 697 710 721
697 44 693 686 707 704 751 736 1027 690
734 694 698 684 705 51 687 691 732 731
702 738 1005 738 748 711 729 696 719 63
724 708 721 702 732 734 1014 702 718 696
710 714 705 73 704 692 724 686 693 708
989 686 751 691 719 703 671 51 728 687
733 726 733 719 991 719 713 695 725 690
706 58 711 665 717 700 712 704 993 704
729 703 725 673 705 64 733 709 698 741
725 728 1027 720 754 710 716 708 718 519 696 706 683 702 705 707 996 673 672
702 728 705 710 60 722 721 707 691 702
718 970 662 701 722 718 692 678 68 733
700 651 684 695 707 982 674 730 694 725
679 685 59 712 706 701 685 713 710 973
704 676 706 714 682 691 57 718 704 700
675 724 715 1009 695 730 718 718 701 723
71 731 686 694 693 700 717 982 681 716
711 718 710 694 44 693 671 663 667 703
679 976 684 691 694 721 687 681 40 709
678 682 689 684 674 1001 698 676 746 694
691 695 37 700 708 674 672 684 678 976
692 704 725 697 706 695 73 722 677 712
671 723 718 991 694 692 702 719 724 703
549 55 703 728 751 732 727 753 1022 720
719 728 736 766 695 45 732 757 736 744
704 711 1004 738 739 722 746 705 712 51
701 696 727 715 685 733 1002 760 697 710
721 728 693 50 724 737 763 727 730 733
1023 717 699 679 726 720 683 69 698 735
702 715 712 763 1027 756 695 702 744 741
692 44 711 726 756 727 703 719 1000 748
715 718 724 728 711 54 692 724 721 689
692 710 1037 724 686 704 723 709 730 45
698 755 746 691 711 727 1018 734 742 711
723 744 707 70 725 718 717 692 712 736
1012 736 732 676 738 753 705 59 709 757
728 717 715 734 1040 744 686 711 738 721
717 551 683 55 742 704 719 717 735 745 996
710 750 733 740 701 706 75 743 725 728
699 708 741 1027 729 743 734 722 742 697
67 706 700 691 703 714 710 1035 685 738
731 723 706 717 88 737 732 703 739 723
731 998 705 728 745 724 705 730 47 761
680 714 730 753 758 1039 691 730 748 749
722 730 65 741 710 704 722 734 732 1027
735 720 725 718 724 679 48 726 704 683
695 716 766 1017 684 709 728 710 709 705
44 740 729 686 705 734 742 1007 739 715
745 727 698 700 76 735 715 708 694 730
719 1034 721 698 751 751 708 722 74 749
717 713 727 742 762 1021 709 740 735 747
700 708 507 666 699 73 714 681 696 707 699 661
957 663 719 703 695 670 711 73 713 685
691 685 710 701 999 674 727 672 690 682
702 57 713 655 704 683 698 697 961 666
706 673 691 696 705 73 722 675 701 671
697 684 953 662 694 691 681 680 696 52
697 703 707 725 728 679 971 688 723 715
681 691 705 45 699 672 711 697 682 680
990 663 698 686 686 659 685 47 692 663
702 690 733 696 959 680 695 679 690 683
708 84 722 666 677 716 718 659 1002 660
696 710 688 648 698 49 683 674 690 675
714 683 987 662 728 711 717 658 707 89
691 696 717 705 730 671 955 695 730 685
667 695 730 546 723 743 705 65 752 740 741 704 688
702 1018 709 718 698 726 749 737 56 716
740 721 702 722 736 1028 733 682 716 749
701 687 55 726 723 717 686 737 722 1017
706 704 702 739 728 704 38 708 735 739
712 681 726 1000 722 692 691 721 731 742
74 720 728 759 711 729 729 1018 713 713
714 749 733 725 51 718 734 724 712 702
749 1007 728 716 702 704 703 726 51 699
714 744 742 706 706 1011 704 700 702 738
737 730 31 689 699 733 726 704 735 1001
725 724 689 718 722 695 53 700 712 729
701 706 743 996 713 715 706 742 725 740
46 754 737 754 737 693 728 1041 715 726
677 754 735 714 518 693 719 722 706 45 712 707 689 664
691 687 993 708 713 714 735 696 701 45
725 685 685 705 733 679 999 695 702 730
705 675 732 42 710 693 695 686 679 694
977 696 696 709 728 714 742 65 721 711
699 681 675 671 986 694 694 726 709 708
697 68 719 718 710 712 684 691 997 694
682 711 713 679 718 48 713 703 663 705
724 683 998 661 707 682 692 694 687 72
702 712 715 696 678 687 973 672 687 723
703 728 718 65 699 723 686 691 730 682
981 710 691 692 734 686 714 46 710 685
703 705 698 686 1000 696 724 701 721 732
697 61 725 716 694 676 674 699 1009 708
690 720 719 669 728 544 718 726 732 716 768 75 729 738 702
682 720 689 1043 725 710 765 743 724 758
66 676 702 721 706 735 695 997 740 712
711 708 716 741 53 715 700 730 693 708
688 1017 747 748 742 749 716 734 61 706
721 684 693 721 692 1002 745 747 728 743
705 740 26 707 709 718 687 735 692 1038
724 744 722 726 717 714 45 704 705 717
732 703 709 996 753 699 717 746 713 734
65 713 724 712 681 719 709 1001 735 748
719 747 728 708 78 715 733 693 731 720
684 1037 740 719 753 738 698 731 72 698
708 722 713 728 710 1039 745 710 744 733
698 768 47 697 726 700 678 759 709 1025
733 726 743 728 735 742 475 680 686 725 673 748 730 56 730 714
677 711 683 717 993 689 690 718 673 737
699 56 718 732 717 736 707 684 1018 683
656 712 693 711 695 51 699 716 695 711
688 704 988 714 667 705 715 713 734 65
701 716 673 699 699 679 982 710 681 731
665 714 699 74 717 717 684 720 693 699
995 713 683 692 688 708 710 39 695 713
721 703 685 672 1001 684 694 723 673 695
710 49 745 728 690 705 674 687 1003 715
700 743 706 702 717 28 702 726 697 719
685 722 994 674 685 716 675 711 716 71
696 736 701 708 692 728 1013 689 691 718
687 735 726 63 739 731 682 754 684 701
983 720 715 703 717 721 709 481 978 733 707 710 716 724 713 30 672
690 680 706 698 710 1004 727 690 711 695
729 717 51 699 728 698 703 697 724 1007
708 692 734 689 732 715 73 687 717 695
698 699 704 1012 701 698 721 703 728 699
62 682 705 702 704 690 706 1014 733 716
722 724 718 720 67 695 734 705 703 719
710 1024 704 680 708 680 738 726 45 689
741 674 724 671 703 979 720 683 701 712
713 725 53 701 725 694 691 696 685 1011
723 693 733 698 698 746 52 672 733 672
701 710 699 976 719 698 711 704 699 701
75 710 719 701 714 706 729 1001 706 696
711 736 743 721 50 684 720 727 727 717
674 1020 753 695 723 688 734 729 485 692 1008 721 737 714 742 729 716 45
679 684 730 723 712 707 1022 733 704 695
742 716 695 47 717 702 738 677 703 721
985 708 743 699 722 730 724 52 706 693
709 702 698 704 997 725 736 709 728 710
734 66 678 676 709 683 692 698 1004 718
724 706 708 729 711 69 714 700 721 706
688 710 992 693 738 689 726 707 699 66
700 698 745 679 698 698 989 710 700 701
716 718 718 47 704 712 708 691 715 717
996 740 730 684 712 734 714 65 713 694
703 724 714 675 1012 707 697 669 725 706
730 53 708 702 721 704 733 688 991 736
705 723 739 712 725 62 677 722 749 689
700 725 1024 686 725 674 724 730 706 481 696 714 1011 709 739 742 724 712 699
51 726 694 718 689 730 723 1020 695 725
729 708 675 703 42 727 693 686 727 724
679 978 712 721 700 729 686 719 45 721
683 710 684 714 693 1010 727 726 745 726
718 682 58 699 709 674 686 735 711 1024
689 707 709 723 690 742 67 698 695 700
701 737 684 991 730 707 716 711 698 725
50 710 722 669 706 706 702 992 691 709
687 710 700 695 61 697 689 681 706 727
688 1021 720 693 717 721 686 716 54 704
701 701 696 712 721 998 709 692 707 727
684 732 41 695 693 704 696 738 681 1024
712 729 729 716 707 727 71 725 706 711
703 728 705 980 727 710 717 710 712 713
496 709 710 757 1021 718 718 724 716 712
698 58 733 759 729 742 723 739 1013 741
701 708 695 722 722 52 718 734 744 724
719 731 1024 699 703 730 708 718 687 53
714 738 718 741 708 757 1039 739 730 693
711 723 671 72 711 731 722 763 716 739
997 738 707 722 717 730 695 47 734 760
713 749 696 711 1025 707 714 721 679 740
701 47 723 698 734 730 724 712 996 723
697 693 700 725 701 44 712 720 734 742
699 747 1036 718 716 740 689 710 730 57
702 745 738 713 735 749 1001 715 705 708
706 748 700 82 738 757 750 724 704 742
1009 721 728 700 708 742 674 67 749 729
734 738 741 708 1036 700 728 731 695 715
705 479 700 698 686 730 1017 718 736 702 703
698 698 54 733 671 718 702 724 722 1010
687 720 683 708 715 720 40 683 715 706
681 688 706 985 689 731 670 738 717 690
44 708 681 734 673 694 718 1002 716 696
695 695 711 691 35 692 676 722 704 717
705 1010 690 742 690 716 728 696 56 743
701 750 680 701 722 986 709 719 698 708
715 687 46 714 686 714 700 687 711 983
681 701 699 705 717 689 56 710 707 719
699 694 738 973 687 728 701 691 726 679
47 722 695 700 688 704 690 980 678 728
676 718 734 671 65 740 690 726 672 694
719 1021 715 716 723 728 716 720 69 707
679 734 724 695 726 989 696 705 699 734
712 711 471 676 716 711 695 715 1007 698 687 674
699 722 705 45 705 718 697 717 673 711
993 712 697 697 732 723 710 29 725 721
696 693 695 696 983 693 695 701 699 731
686 20 675 694 682 693 718 723 1011 688
705 695 688 696 695 36 669 698 709 721
670 727 991 735 720 714 719 707 708 62
707 716 697 692 699 722 1000 699 691 698
702 722 695 72 685 697 700 675 661 696
973 684 724 694 707 713 660 42 708 694
710 714 701 707 975 716 686 696 714 699
697 45 691 672 692 688 681 693 977 700
701 706 714 684 694 52 714 717 673 730
693 719 1012 718 726 710 706 719 707 47
682 728 723 675 693 698 1010 697 690 693
699 739 696 527 702 731 711 740 699 702 1008 683 662
693 706 725 732 67 728 747 732 728 698
714 981 670 689 711 695 711 700 54 739
726 678 723 691 702 995 686 718 684 703
699 707 60 717 733 729 724 710 705 984
715 665 694 692 702 712 69 725 730 724
713 719 709 1019 703 720 708 695 721 743
42 735 711 716 732 694 711 993 689 707
699 697 731 711 55 700 698 688 705 701
674 987 690 679 685 699 707 701 43 716
702 709 728 680 670 1013 706 666 737 673
709 716 60 706 737 701 710 679 674 987
703 694 713 677 726 715 81 727 703 737
709 717 713 1000 700 682 690 696 745 722
62 722 726 690 716 683 728 996 682 687
693 710 699 704 523 56 707 694 705 715 719 720 996 681
713 735 718 738 693 32 734 724 689 723
697 680 979 701 736 732 731 676 709 70
701 664 682 697 678 699 976 722 696 719
703 700 690 57 724 702 718 706 720 701
997 679 696 688 709 692 680 37 700 702
657 696 702 732 1001 717 693 713 726 712
689 47 714 693 710 708 695 685 974 707
713 726 707 702 706 40 693 693 675 670
684 679 1013 686 684 715 704 682 726 57
703 724 699 671 700 694 993 696 737 720
706 718 703 43 725 684 670 672 704 702
987 697 729 687 720 725 704 47 711 725
682 701 708 703 1016 704 684 724 720 694
711 64 712 662 707 701 716 688 995 688
725 748 718 700 718 514 669 39 699 703 704 706 710 710 962
704 703 699 703 679 693 53 699 721 715
687 685 707 993 725 696 700 686 720 684
66 664 699 676 693 690 676 1001 681 691
696 686 683 705 60 693 730 691 728 695
695 966 698 683 709 688 682 717 40 718
678 704 719 729 724 1004 688 685 715 714
699 717 38 697 707 690 712 710 696 993
728 674 690 681 700 667 48 681 701 671
685 689 731 985 681 663 692 674 687 692
38 696 728 675 694 711 706 972 734 668
709 691 677 685 57 692 711 695 682 704
684 1000 716 652 718 715 688 707 44 704
714 700 718 716 727 988 703 694 703 710
677 696 60 686 732 704 733 691 716 990
701 696 688 686 702 699 504 695 697 73 715 686 688 701 668 663
955 658 713 708 700 700 708 50 715 689
684 681 680 703 998 670 721 679 696 711
699 67 715 659 698 678 667 697 962 662
700 680 696 726 701 67 723 679 693 665
665 686 953 661 689 697 687 711 695 54
700 708 700 718 698 680 971 686 717 722
686 722 701 27 699 675 705 693 652 681
991 658 693 691 691 689 683 43 695 669
696 686 702 699 960 676 689 686 693 714
706 67 724 671 670 712 688 660 1002 655
690 716 693 678 695 58 685 680 682 668
683 686 987 660 723 718 723 689 704 67
693 703 711 699 699 672 956 693 724 692
670 725 729 44 716 674 721 699 664 689
979 703 689 682 694 693 684 525 708 722 704 36 721 734 701 691 681
677 998 713 696 711 713 727 733 22 685
733 681 688 715 712 1008 736 661 729 735
678 685 63 694 716 677 672 727 697 997
710 683 713 725 706 701 70 675 730 702
697 675 700 979 727 669 702 709 710 739
53 687 721 719 697 722 702 998 717 689
725 735 712 720 51 686 727 684 696 696
726 987 731 692 714 690 683 723 25 666
708 705 729 700 680 991 706 678 714 725
717 729 38 658 694 693 710 699 709 982
728 702 701 704 702 692 62 668 707 690
686 700 717 977 716 694 719 728 704 737
48 721 731 716 723 687 703 1022 718 705
689 740 714 710 52 697 729 678 710 717
702 1015 730 672 727 694 712 712 532 680 712 734 699 43 727 720 719 687
696 713 1005 708 714 700 729 710 695 51
739 697 715 728 737 703 1011 695 704 717
699 686 724 52 723 705 723 710 682 718
989 696 697 693 723 726 736 61 736 725
729 702 679 693 998 695 694 712 701 721
688 53 734 732 740 736 686 713 1009 693
684 695 707 693 712 70 727 715 694 728
727 707 1009 663 709 667 683 707 680 50
716 724 746 718 679 709 984 671 689 708
696 741 710 55 714 734 716 715 733 705
993 709 691 679 728 697 709 34 725 699
732 727 702 706 1011 696 724 688 714 746
690 41 739 730 725 699 677 721 1019 709
692 705 710 682 721 46 757 732 719 696
713 724 1000 698 687 686 697 688 690 516 684 696 686 705 742 57 732 724 685
684 688 670 1012 676 677 735 698 713 735
51 679 690 706 709 702 674 965 691 680
684 660 703 715 47 717 688 717 692 676
667 985 699 715 714 705 704 711 51 707
709 669 693 688 669 972 696 713 698 697
692 719 46 714 700 704 688 703 673 1008
675 711 692 682 704 691 49 708 692 703
730 671 687 966 705 665 686 699 700 710
44 714 712 697 681 687 687 970 687 713
688 700 716 685 48 719 722 676 734 687
662 1005 692 685 724 692 684 707 44 701
698 706 715 694 690 1008 697 676 714 688
685 744 49 701 714 685 678 725 690 993
685 692 713 682 722 717 62 712 719 708
716 698 672 978 680 683 701 675 717 732
470 685 697 728 681 748 707 65 721 699
667 698 677 736 990 694 703 720 680 737
675 48 707 715 708 724 701 702 1014 688
668 715 701 711 671 70 690 699 687 698
682 723 986 720 680 709 722 714 710 64
691 699 664 687 693 698 980 716 693 733
674 714 674 54 705 700 676 709 687 719
990 719 694 694 695 706 686 40 684 697
713 690 681 690 998 689 705 726 681 697
687 59 733 712 682 694 670 706 999 721
710 746 714 701 695 42 692 709 688 707
678 741 992 680 698 720 681 711 693 67
686 721 692 698 687 746 1010 693 703 720
693 736 702 41 728 715 672 743 680 720
980 725 727 706 725 720 683 41 719 715
702 717 700 716 991 693 703 701 686 733
688 462 958 702 719 673 698 685 677 68 676
649 686 697 711 716 983 697 702 677 675
689 678 48 703 687 705 696 706 733 986
673 701 700 669 691 678 45 691 676 700
691 711 712 992 670 710 688 679 690 666
55 682 665 706 699 699 713 996 702 729
687 699 678 682 50 700 691 709 696 728
718 1004 673 692 675 656 697 689 49 692
704 678 717 680 713 958 688 698 668 689
673 690 75 703 683 696 685 705 693 993
692 708 699 673 659 708 55 678 692 679
695 721 706 957 689 709 679 682 659 666
43 714 679 705 706 718 734 981 677 709
677 715 703 685 58 688 680 734 717 729
682 1000 720 707 692 669 692 691 73 709
673 699 694 701 691 974 687 677 676 698
682 680 478 679 998 714 711 714 720 732 716 41
670 698 717 732 694 692 1013 729 678 694
720 717 694 54 708 716 725 684 685 707
974 701 716 698 699 732 723 81 698 706
696 710 682 691 988 720 708 707 704 713
734 41 671 689 696 691 675 683 993 713
698 704 685 732 711 80 706 713 708 715
671 696 982 689 712 687 703 709 700 67
693 710 732 689 682 683 978 706 674 699
693 721 719 38 694 724 696 699 698 704
986 734 703 681 688 736 716 60 705 707
690 733 697 662 1002 701 670 667 702 709
729 43 701 714 708 713 715 674 981 731
678 723 715 715 726 49 669 736 736 699
683 711 1013 682 698 674 701 731 707 41
705 728 721 701 671 673 980 685 692 695
684 715 709 461 657 720 988 682 731 707 682 725 664
51 723 676 729 704 687 731 999 666 715
692 663 688 668 67 727 679 691 740 682
684 957 684 711 661 686 698 684 71 717
666 719 700 675 701 988 700 713 708 684
729 645 60 695 691 681 700 694 716 1002
660 694 669 679 701 705 62 698 678 707
714 696 693 969 703 695 677 666 708 689
81 708 705 678 721 665 708 973 664 696
651 667 715 659 60 697 673 689 722 688
696 1002 692 679 682 676 699 682 65 705
682 713 711 671 728 976 679 679 673 684
696 695 71 695 675 714 712 695 691 1002
683 719 691 671 721 691 56 727 688 717
717 688 714 959 701 699 677 665 725 678
77 706 697 707 709 682 709 959 675 702
679 656 684 668 492 686 706 729 1016 728 713 728 730 706
716 52 714 756 716 718 721 712 1007 752
695 711 709 716 740 48 699 727 731 700
718 704 1017 709 698 733 720 713 705 30
695 732 705 719 707 730 1033 749 725 695
725 717 690 57 690 727 709 739 713 711
991 749 703 728 731 723 714 42 715 757
700 726 694 684 1019 719 709 723 694 733
718 45 702 696 720 707 720 684 991 732
693 695 715 719 718 44 693 716 723 718
697 719 1030 727 710 742 705 702 749 44
682 741 726 689 732 722 994 725 700 711
721 740 720 60 720 754 737 700 702 715
1002 732 723 704 724 735 692 54 730 723
721 714 739 680 1029 711 724 733 708 709
724 49 690 733 699 725 693 676 1010 733
691 720 714 721 723 477 693 700 701 714 1019 735 713 709 703
683 715 34 717 694 711 702 739 704 1010
703 700 690 707 701 737 51 667 738 699
680 703 690 986 703 709 677 736 704 707
38 693 702 727 672 707 703 1002 733 675
702 694 697 706 53 675 696 714 704 733
688 1009 704 721 697 715 714 711 45 725
723 743 681 716 707 988 724 696 705 706
700 704 37 699 708 708 702 703 695 982
697 678 708 704 703 705 30 694 730 713
701 711 722 973 704 705 707 692 709 696
56 706 716 693 687 718 674 979 695 707
682 717 720 687 36 724 712 720 672 710
704 1021 730 695 732 728 703 737 34 692
700 729 724 710 710 990 710 681 707 733
697 727 50 680 722 711 690 704 713 1000
689 677 700 721 681 708 480 689 729 739 699 721 1018 706 689 677
686 733 714 43 711 731 710 745 676 716
1004 721 699 698 719 734 719 44 731 734
707 720 700 702 993 703 698 702 687 742
695 45 681 706 694 721 722 729 1022 698
709 697 676 706 705 30 675 711 722 749
676 731 1001 743 721 718 707 717 716 50
714 729 709 720 704 727 1010 708 694 701
688 733 706 68 692 710 713 703 666 702
983 693 725 695 695 723 669 49 714 707
722 742 705 713 986 724 687 700 700 709
707 40 697 686 705 716 687 698 987 710
703 708 701 695 703 37 720 731 685 758
699 724 1022 727 728 713 695 730 716 58
689 741 735 703 698 703 1020 706 692 695
685 748 707 32 710 713 699 709 676 703
989 724 703 703 695 744 690 513 672 706 711 721 704 719 994 693 668
674 709 702 697 48 701 721 735 708 703
728 968 680 695 692 698 689 664 75 711
701 678 702 695 715 981 694 725 663 706
676 672 14 687 706 729 706 714 722 971
724 671 675 691 680 676 25 695 705 727
691 722 724 1007 714 727 688 695 699 708
60 707 686 719 714 701 726 979 700 713
677 699 707 678 39 672 673 689 685 702
688 972 702 685 664 699 683 666 64 685
677 711 708 684 686 998 715 674 717 674
688 680 42 678 710 702 690 682 689 975
711 701 694 674 702 680 57 701 675 740
691 720 728 987 713 691 671 696 721 687
59 693 700 691 697 689 742 980 693 693
672 712 677 669 59 690 677 696 707 690
695 978 701 678 688 700 697 674 506 47 706 704 712 714 728 694 984 666
688 711 702 713 702 59 731 732 695 723
704 656 967 683 712 708 715 651 719 70
699 674 691 696 685 675 965 704 672 695
687 676 697 58 720 709 727 707 730 675
985 664 670 663 694 666 687 56 700 711
664 695 709 706 989 701 669 687 710 686
698 62 711 699 718 707 703 660 962 691
687 703 691 675 714 67 694 699 681 669
692 652 1000 669 661 690 687 657 735 66
702 733 708 672 709 669 979 681 711 696
689 693 712 35 724 693 678 671 712 678
974 682 704 662 703 701 713 62 708 732
691 700 716 677 1003 691 659 699 704 668
719 81 712 670 716 699 723 662 982 672
700 723 704 675 725 50 698 699 700 686
691 668 962 658 657 701 695 688 696 526 694 61 730 706 703 724 715 704 975
694 718 719 703 693 719 52 727 725 712
707 692 702 1006 715 711 720 688 734 711
66 694 704 675 711 696 670 1013 671 707
717 687 695 729 58 723 735 689 746 703
690 979 689 698 731 689 695 742 58 748
683 701 736 734 719 1018 678 699 734 713
713 742 41 726 712 688 730 717 691 1006
719 689 712 680 713 692 63 710 705 669
703 697 725 998 672 678 712 675 699 717
47 725 732 674 712 718 699 986 723 683
730 691 689 710 64 721 717 694 700 711
678 1014 705 667 737 715 700 733 43 734
719 698 736 723 721 1001 695 709 723 712
689 721 58 716 737 702 750 698 711 1003
690 709 709 688 714 724 43 713 715 695
720 710 681 994 701 709 710 699 689 722
512 693 686 35 693 712 688 714 678 682
961 690 696 715 693 697 697 65 695 713
683 693 691 721 1003 703 705 685 691 708
688 44 691 684 698 689 675 719 968 693
685 687 692 724 690 43 699 702 693 678
675 703 960 692 673 704 682 708 684 64
678 731 700 732 708 699 978 716 700 730
683 721 691 66 676 699 705 705 665 699
997 689 675 702 686 686 671 51 674 692
695 698 713 716 965 706 674 694 688 711
696 43 702 693 668 723 701 678 1007 685
675 723 687 677 682 43 662 703 680 682
692 704 994 688 706 725 715 688 693 59
671 727 710 712 711 690 963 724 706 700
664 722 717 65 693 699 720 708 676 710
985 734 672 688 691 689 674 53 691 712
674 711 688 703 964 706 687 715 692 698
703 549 724 733 717 45 768 734 718 713 705
697 1023 700 732 728 726 739 749 54 732
731 697 709 737 730 1034 725 696 748 748
690 700 38 741 715 694 691 752 717 1021
699 718 732 741 718 716 40 721 729 717
717 697 721 1005 716 704 721 723 722 755
62 733 720 735 716 744 722 1023 705 726
745 751 724 737 42 731 727 700 718 718
745 1011 719 729 734 705 696 740 63 712
708 721 749 722 700 1015 697 714 733 740
729 743 42 703 694 708 732 721 728 1006
718 738 720 720 712 708 54 715 705 707
705 723 738 1001 705 731 736 743 717 750
58 768 730 731 745 711 723 1047 705 740
708 755 726 727 50 744 726 692 732 742
722 1040 719 707 747 708 725 729 55 737
716 700 697 715 693 1034 702 712 727 716
729 705 503 675 688 713 686 59 709 679 687 674
680 686 978 690 717 695 704 687 683 60
719 657 684 715 722 678 985 677 710 711
674 666 712 32 704 665 691 696 667 692
963 678 701 691 697 703 724 55 718 684
695 689 663 668 972 676 698 708 678 700
676 58 715 691 708 721 671 688 982 676
689 693 683 670 699 54 708 676 661 713
714 680 982 643 712 663 661 685 668 41
698 684 715 705 666 683 958 654 693 704
673 719 699 53 696 695 683 701 718 680
967 692 695 674 703 677 696 46 706 658
699 715 687 682 985 679 729 684 691 723
679 56 721 690 694 687 663 698 993 691
695 702 688 661 710 43 737 692 687 684
698 698 974 680 691 682 674 665 677 46
713 693 665 684 687 709 974 686 694 680
672 690 724 549 724 721 705 738 739 32 755 731 706
712 698 719 1044 701 717 761 712 747 732
66 702 698 728 738 711 722 999 712 720
711 678 739 714 73 740 697 736 720 687
715 1018 723 754 740 723 738 709 32 731
716 691 721 701 717 1005 721 753 723 712
727 717 61 735 707 724 716 715 721 1040
696 749 718 697 738 688 55 732 697 725
760 681 735 997 728 704 711 716 734 710
70 739 718 719 710 699 735 1002 707 753
713 717 750 684 60 744 729 697 763 698
710 1038 715 724 750 710 720 708 63 723
706 727 742 709 739 1040 721 714 741 705
718 742 50 724 719 704 706 736 739 1026
708 730 739 699 756 715 75 738 726 728
745 707 720 1011 700 723 726 691 750 731
56 714 689 705 709 702 738 1022 719 731
745 693 751 713 483 706 708 737 702 747 715 53 719 708
678 694 697 746 1004 716 713 727 701 736
684 51 705 724 719 721 720 714 1028 709
679 724 723 710 681 70 688 705 698 695
702 734 1000 741 690 718 743 713 718 59
688 709 675 685 712 709 994 738 704 740
696 714 683 26 703 708 687 706 706 729
1004 739 704 701 716 705 695 47 681 706
725 687 701 698 1012 710 717 734 702 697
696 63 731 721 694 691 689 716 1013 743
721 754 735 702 704 52 688 718 699 705
697 752 1006 701 709 728 703 712 702 56
684 730 702 698 707 756 1025 714 714 728
714 735 711 25 725 723 683 741 700 730
994 746 738 714 746 720 693 58 716 722
713 714 719 727 1004 715 713 708 707 734
698 31 678 724 668 718 697 735 992 689
720 720 722 693 721 479 977 720 729 705 723 698 693 65 686
666 682 699 724 728 1003 714 712 708 701
703 695 42 711 703 701 696 720 745 1005
692 714 730 694 706 695 51 699 693 696
693 724 724 1012 687 721 718 705 703 680
48 692 682 704 700 713 726 1015 720 739
718 726 692 697 35 708 709 706 697 743
730 1024 690 702 706 682 711 705 46 702
720 675 719 694 725 979 708 708 699 715
687 705 47 713 701 693 687 719 705 1012
710 717 730 700 674 724 42 686 708 675
696 735 719 977 707 721 709 708 673 681
39 724 695 703 708 732 747 1000 694 718
708 741 717 699 39 698 697 731 719 742
695 1019 739 718 722 694 706 707 59 719
689 694 695 715 703 995 705 688 707 724
695 696 36 719 701 710 702 716 713 982
699 699 727 691 701 693 470 702 991 693 707 708 714 723 681 27
679 688 712 725 693 716 1005 707 675 687
716 710 660 61 718 707 720 679 684 730
967 681 713 691 696 723 689 67 708 698
692 704 681 716 980 699 704 700 699 704
699 51 681 683 691 686 674 708 987 692
696 700 681 723 676 64 717 706 703 711
670 721 975 668 707 680 700 702 665 53
705 701 728 683 679 706 971 685 671 694
689 714 684 58 705 717 691 695 694 728
980 712 700 676 682 730 682 37 716 698
686 728 695 685 994 681 667 663 697 699
696 49 711 708 704 708 714 698 974 709
675 718 712 708 691 23 680 730 732 694
678 736 1007 662 695 667 697 725 671 53
714 721 715 695 668 697 973 663 688 691
680 708 675 47 680 714 716 698 676 683
986 682 712 678 700 716 685 459 660 697 987 707 719 702 692 717 682
55 695 682 729 689 692 708 996 694 706
687 673 679 687 63 697 683 693 726 685
663 954 710 700 658 697 689 702 36 688
672 718 685 679 679 987 726 704 704 693
720 665 39 666 696 682 686 701 694 999
685 685 667 690 694 724 34 667 685 709
699 701 669 967 728 685 674 678 698 709
70 678 710 676 708 669 686 969 689 687
646 676 705 679 43 666 679 688 707 692
671 998 718 671 678 688 689 699 77 675
688 711 697 676 707 974 705 671 668 694
687 715 51 665 683 714 697 699 668 999
708 707 688 681 710 710 33 695 695 717
704 691 690 956 727 689 675 677 716 696
59 674 700 707 693 689 685 956 701 692
675 668 675 687 53 692 687 696 673 664
676 962 720 677 704 679 691 697 467 660 697 721 991 686 698 698 720 680
690 53 721 737 711 692 712 703 981 709
680 680 699 691 716 45 708 708 725 676
706 693 993 667 681 703 712 687 679 40
702 714 700 692 698 721 1009 707 709 667
716 692 663 26 699 707 702 713 703 702
965 705 687 698 722 698 686 39 723 735
693 699 685 674 995 676 693 693 683 709
694 48 710 675 715 680 709 676 965 689
677 666 708 694 691 44 700 695 717 693
687 713 1005 684 695 713 695 679 723 56
690 723 719 662 723 711 969 682 686 681
712 715 694 62 727 734 732 673 693 708
977 689 708 674 715 709 664 64 737 704
716 689 728 669 1005 668 709 704 700 682
699 57 700 714 693 698 683 667 984 690
676 691 703 695 696 51 716 725 694 673
698 698 1009 666 688 689 701 689 666 474 676 695 682 724 1015 742 702 722 703
699 701 68 706 702 694 697 721 714 1008
710 688 704 708 718 723 81 655 746 681
677 685 700 982 711 697 690 736 718 693
66 680 709 710 668 688 715 999 741 662
714 696 710 691 67 664 703 697 699 714
697 1006 713 710 712 715 728 697 79 714
730 726 678 696 717 985 731 684 716 706
715 691 30 688 715 692 698 683 705 978
705 665 722 705 718 691 47 682 739 695
698 692 733 970 712 693 719 693 725 682
67 695 724 675 683 700 684 976 703 695
696 717 735 671 69 714 721 703 669 691
714 1017 738 683 745 729 717 722 61 678
709 712 721 690 721 986 719 669 719 733
713 715 65 669 730 695 685 686 723 997
697 666 713 721 696 694 41 680 705 678
706 669 713 970 745 686 715 717 701 702
463 667 716 727 722 712 1002 690 690 668
678 689 701 70 706 711 697 732 700 710
988 704 698 689 711 690 705 53 727 712
696 708 723 693 977 687 697 692 677 698
681 54 676 686 682 710 745 722 1007 679
708 689 665 662 691 41 671 692 709 736
697 724 985 725 720 708 696 672 704 70
708 708 696 706 727 719 994 691 691 693
678 690 691 48 688 690 702 690 688 695
968 674 723 686 686 679 656 43 711 686
708 730 729 705 972 708 685 690 692 666
692 52 694 665 694 705 708 690 973 693
702 701 692 650 690 67 716 709 673 745
720 715 1007 708 726 706 684 685 704 42
686 720 724 689 722 695 1005 690 691 685
677 704 692 51 705 694 686 695 700 696
973 707 702 695 686 700 677 52 670 667
687 704 735 677 1006 718 714 690 685 681
665 525 669 708 709 738 703 727 1004 711 681
693 707 718 703 56 697 723 732 726 704
737 978 699 707 710 694 704 670 70 708
705 676 719 695 725 991 712 737 680 703
691 677 22 683 710 727 724 715 732 981
741 685 692 689 694 683 31 692 707 723
708 723 734 1017 732 739 705 692 715 714
53 703 689 716 731 702 735 989 716 726
695 698 721 684 44 669 675 685 702 703
698 982 721 697 681 697 698 671 68 681
679 708 725 685 696 1009 732 686 735 672
702 685 48 675 713 699 707 683 699 985
729 713 712 671 718 686 61 697 678 738
708 719 738 998 730 703 688 692 736 692
70 689 702 688 714 689 753 991 710 705
690 710 691 675 64 687 678 694 724 690
704 989 719 690 706 697 712 681 29 694
691 690 745 694 727 1002 731 689 690 691
719 675 544 59 728 738 752 730 740 727 1023 697
710 726 739 755 722 55 755 765 735 741
716 687 1004 714 731 722 750 693 739 59
722 707 730 713 697 709 1003 735 690 709
724 717 718 48 745 745 766 725 742 708
1023 695 689 676 730 708 709 64 722 743
704 711 722 737 1027 732 687 701 746 727
718 36 734 733 758 725 714 692 999 724
705 717 727 716 736 72 717 733 722 687
704 685 1038 700 679 703 725 698 756 63
723 766 747 689 724 701 1017 713 731 711
725 734 733 61 748 727 718 688 726 711
1012 713 722 676 739 741 733 53 732 766
730 715 728 708 1040 722 677 711 741 709
743 54 733 703 756 716 735 695 1020 701
720 736 740 718 746 62 720 733 741 702
704 700 999 688 677 714 732 730 718 50
744 732 756 698 743 721 1019 714 682 686
715 708 715 550 688 51 749 726 722 735 711 746 1000
710 733 736 729 731 712 54 747 746 732
715 687 743 1031 730 726 737 713 772 702
69 714 723 694 719 692 711 1038 686 721
734 713 734 723 71 742 756 707 757 700
730 1004 704 711 748 713 733 737 48 767
702 718 746 730 759 1042 691 713 751 737
750 735 62 745 733 707 739 712 731 1031
735 703 727 705 752 686 78 731 726 686
713 692 767 1022 686 691 730 699 739 711
60 747 753 692 725 712 739 1012 738 698
747 716 728 705 73 742 738 713 712 708
718 1039 720 681 754 741 738 727 73 754
740 715 745 719 762 1026 709 723 737 736
730 714 51 735 759 722 759 692 753 1027
706 723 727 713 754 719 63 734 736 714
731 705 721 1018 714 722 726 725 727 716
53 724 749 690 756 715 739 1012 690 711
721 712 729 737 506 699 699 54 702 707 680 718 664 662
955 673 694 717 682 704 710 70 703 708
676 697 676 701 997 686 702 686 679 715
701 60 701 679 691 695 663 698 962 677
682 688 680 730 702 67 707 698 684 682
662 683 954 677 670 705 671 714 697 65
688 727 692 735 693 679 972 701 697 732
671 727 703 61 685 694 698 709 650 679
991 673 674 701 674 692 685 50 682 689
687 703 698 697 960 691 671 695 676 718
708 51 711 689 660 728 687 657 1002 669
671 724 677 683 696 59 670 698 672 686
679 684 988 674 704 726 705 694 705 65
679 723 702 716 696 670 957 709 705 701
653 729 731 65 701 693 712 714 661 689
979 718 669 689 678 696 686 42 699 707
666 715 675 683 959 691 686 716 680 703
715 34 714 685 683 724 685 661 956 682
668 704 679 738 737 556 730 722 700 68 750 754 746 708 720
720 1026 723 713 705 734 727 731 79 715
754 726 708 755 754 1035 746 679 723 756
680 681 60 724 739 721 690 769 738 1025
720 699 708 746 707 698 64 706 751 745
716 715 743 1008 736 689 697 729 710 738
77 719 745 765 717 762 745 1026 727 709
722 757 713 722 51 718 750 730 717 735
767 1014 739 714 709 710 682 721 69 697
730 749 748 739 722 1018 716 696 708 745
717 724 54 689 714 738 731 737 752 1008
739 719 694 726 700 689 80 701 726 735
705 739 760 1003 727 712 712 750 704 735
70 752 753 761 743 726 746 1048 728 724
682 761 713 710 46 728 753 722 728 757
743 1044 738 689 724 715 712 712 64 720
738 732 697 731 719 1037 722 695 703 725
716 688 66 709 771 753 728 727 743 1013
732 720 720 764 738 697 548 706 727 739 725 33 725 716 720 699
718 710 1023 736 745 725 744 711 722 51
737 693 716 739 759 701 1029 723 734 741
714 691 751 42 723 701 725 719 705 716
1007 724 729 721 738 730 762 51 734 721
728 715 700 692 1016 723 726 739 716 723
716 52 733 726 740 745 708 713 1027 722
714 721 723 695 737 51 726 712 693 738
751 704 1027 689 740 693 700 711 708 62
717 722 746 730 703 708 1003 700 719 735
712 744 737 68 714 731 716 725 756 705
1011 738 723 705 743 702 735 60 725 694
733 738 724 708 1030 724 756 712 731 748
716 36 738 725 725 709 699 721 1038 737
723 731 727 686 749 42 756 730 719 707
736 722 1019 726 717 712 713 691 716 48
732 730 698 707 725 732 1019 732 722 711
711 716 763 52 729 729 724 701 714 689
1015 723 722 727 729 711 748 549 734 728 707 727 767 55 738 727 704
713 713 695 1047 722 726 767 716 736 758
61 686 693 725 738 729 700 1001 735 728
716 683 728 740 73 724 690 733 724 701
694 1021 744 764 745 724 726 734 40 714
709 688 723 716 696 1007 742 762 730 716
718 743 44 718 700 720 719 731 698 1043
720 760 725 701 726 714 60 715 693 720
762 696 713 1001 749 715 720 721 724 735
79 723 713 716 713 714 714 1006 730 763
722 720 740 710 66 727 724 694 763 714
688 1041 737 734 755 713 708 733 66 707
699 724 744 724 716 1044 743 725 748 706
708 770 54 707 715 702 709 754 715 1029
728 742 747 704 746 741 48 720 722 727
747 723 699 1014 723 732 735 695 740 758
57 695 683 704 709 718 716 1025 740 739
753 695 738 738 50 703 696 698 706 704
724 1009 750 753 764 686 762 756 471 705 705 701 703 722 727 45 700 692
699 674 705 716 993 716 709 687 702 712
698 67 690 711 741 700 727 686 1015 710
678 688 726 685 696 59 673 690 717 676
708 704 987 739 687 679 745 691 730 35
670 697 694 666 717 681 982 736 701 701
698 693 698 58 689 692 709 688 714 700
991 738 702 661 716 683 709 61 662 691
744 668 706 668 999 709 713 695 702 675
710 64 715 709 715 673 694 687 1000 741
719 716 737 682 715 80 671 703 722 685
702 723 993 698 705 690 704 690 715 27
669 715 722 679 714 727 1014 711 711 690
715 711 725 51 708 708 703 721 708 700
981 746 737 675 746 695 709 81 697 707
733 697 723 697 991 713 709 668 707 710
711 76 663 711 691 700 703 707 979 688
716 683 725 669 732 60 677 701 700 670
690 689 989 721 713 686 752 705 716 502 999 732 728 716 722 736 700 54 706
701 701 731 716 753 1026 724 708 720 701
741 704 76 732 740 720 729 717 768 1028
705 713 744 695 744 701 73 718 728 716
724 718 747 1034 699 717 731 706 741 688
39 715 716 724 731 708 749 1037 732 736
731 728 731 706 70 727 744 726 729 736
754 1046 703 699 717 684 750 714 49 721
755 695 748 688 747 1001 720 705 711 717
726 714 75 734 736 713 717 714 728 1034
723 714 742 703 712 734 44 707 743 694
727 729 741 998 717 718 723 711 712 688
65 743 730 723 739 725 772 1022 706 715
721 741 756 709 52 717 732 750 750 737
717 1042 752 716 734 695 745 717 54 739
724 715 726 709 726 1017 716 685 718 726
734 707 64 740 737 730 732 711 736 1004
710 697 740 692 739 703 53 705 727 721
744 710 753 1042 750 683 738 724 734 684
502 697 1021 710 737 722 753 746 730 56
708 704 742 731 715 710 1035 724 704 703
754 733 711 67 746 722 750 685 704 725
999 699 742 707 734 746 740 74 735 714
721 710 702 708 1011 716 735 717 738 727
749 81 708 696 720 692 694 700 1017 707
724 715 720 746 728 74 743 721 733 715
691 713 1006 684 737 698 737 723 714 70
730 718 755 690 700 702 1001 701 700 709
728 735 735 65 732 733 719 700 717 721
1010 730 729 693 722 751 731 70 743 714
714 733 717 679 1025 697 696 678 737 722
746 47 738 722 732 712 736 691 1005 727
704 732 750 730 741 58 706 742 761 697
702 730 1037 677 724 683 736 747 721 36
742 737 745 701 690 691 1003 681 717 705
718 732 726 48 707 729 745 704 697 676
1017 701 742 694 738 740 736 57 725 703
743 695 708 706 1041 680 756 716 738 723
754 478 684 732 1008 701 745 733 708 723 678
36 730 686 727 703 716 742 1018 686 730
719 691 685 681 37 733 687 692 739 710
696 976 704 726 689 713 697 698 59 725
676 718 698 702 711 1007 718 730 734 710
728 660 51 703 701 681 699 721 729 1021
681 710 696 706 699 720 65 704 687 707
714 724 703 989 722 711 705 694 707 703
49 715 715 677 720 693 720 991 683 713
677 693 711 673 61 703 682 689 721 715
707 1020 711 696 708 704 696 696 36 711
693 710 710 699 739 995 699 695 698 711
695 709 46 701 685 712 710 724 701 1022
703 734 718 698 718 706 58 732 698 717
716 715 725 978 719 714 704 693 723 692
44 711 706 707 707 711 720 978 694 717
705 684 683 683 41 729 691 693 686 686
710 983 713 702 735 696 699 694 53 703
706 685 705 706 725 977 737 740 735 717
735 721 484 676 701 730 1008 707 716 704 729 701
706 48 725 742 729 708 716 712 999 731
698 688 709 711 732 42 711 715 743 691
712 703 1010 688 700 710 720 707 695 33
706 720 717 709 701 729 1027 729 728 673
724 713 680 34 702 714 720 729 708 711
983 727 706 704 731 718 703 31 727 742
712 715 689 683 1012 698 712 700 692 728
709 43 713 681 733 697 715 684 983 711
696 672 717 714 708 32 703 702 735 708
693 721 1023 707 714 719 703 699 739 51
694 728 737 679 727 721 987 704 705 688
720 735 710 56 730 740 750 690 697 715
995 710 727 681 724 730 682 54 740 710
733 705 734 679 1023 690 727 711 708 703
715 48 703 721 711 715 688 676 1002 712
695 699 712 716 712 38 719 731 712 690
703 707 1027 687 707 696 709 709 682 28
704 687 709 703 716 692 1030 711 722 677
729 724 719 475 675 710 679 736 1015 726 712 725 689
703 690 66 724 694 692 714 717 725 1009
694 697 705 692 721 713 72 672 736 679
693 682 711 983 695 707 693 722 722 681
57 698 702 709 685 686 725 1000 724 671
717 681 713 681 43 681 696 695 715 709
709 1007 696 718 713 699 732 687 70 732
721 724 694 693 728 985 715 693 718 692
718 680 34 704 707 690 713 680 715 980
690 675 722 690 721 681 53 699 731 694
712 689 743 971 697 703 722 677 729 672
41 713 717 674 700 697 694 977 688 704
699 702 739 662 67 731 713 699 685 687
724 1018 722 691 746 714 719 712 69 695
701 710 737 686 732 987 703 680 721 718
717 704 54 686 721 693 700 682 734 998
680 675 716 706 699 683 53 697 698 676
723 666 724 971 728 695 717 702 704 691
37 681 711 712 738 664 744 1016 707 699
747 728 710 694 464 682 729 698 717 698 1000 694 673 652
705 691 714 66 703 724 711 701 694 695
988 708 683 675 740 692 718 64 720 727
710 680 719 679 978 690 684 677 706 701
694 50 673 701 697 680 739 708 1005 682
692 675 693 666 702 65 667 705 722 705
693 712 985 729 706 691 725 678 716 81
702 721 710 675 720 706 994 695 675 677
708 693 703 59 682 703 713 659 682 682
968 680 708 673 714 685 668 59 705 701
722 700 723 693 969 714 671 674 722 669
703 72 689 677 707 675 702 678 972 695
689 685 720 656 703 66 714 720 688 715
713 703 1007 713 711 689 711 690 718 51
679 734 738 659 715 680 1004 696 674 670
706 709 704 51 699 706 699 665 694 683
972 713 688 680 714 704 690 66 666 681
701 675 730 664 1004 722 700 673 713 685
678 53 672 723 727 674 713 709 1007 690
694 678 713 691 693 512 678 722 715 734 718 689 995 691 654
669 696 689 730 50 705 739 739 721 717
698 968 675 678 686 686 675 695 74 714
716 683 714 708 686 983 690 710 660 692
663 704 56 693 723 734 717 727 691 971
721 654 671 681 666 706 64 701 721 730
705 735 693 1005 707 710 684 684 685 739
55 713 701 722 726 711 695 979 696 697
673 687 696 708 63 677 690 694 698 716
658 973 696 668 661 688 673 698 75 691
693 715 721 695 656 999 712 656 713 663
673 713 73 683 728 708 701 694 659 975
707 685 690 665 690 713 70 704 693 742
702 734 698 986 708 675 666 685 709 718
79 697 717 696 710 701 711 981 690 678
668 699 664 700 50 695 694 700 720 705
663 976 696 662 683 687 687 706 55 701
707 696 739 707 687 990 707 660 668 682
696 699 68 722 744 683 719 734 708 979
734 683 681 700 686 696 513 47 709 699 715 732 722 716 990 669
699 717 692 727 687 48 735 730 698 740
698 677 972 687 722 714 704 664 705 61
703 670 692 713 679 697 970 710 683 701
676 689 684 57 725 707 727 725 723 695
991 667 682 670 682 680 674 41 704 707
667 714 703 727 994 705 681 694 699 702
684 62 715 697 720 725 697 681 968 695
697 708 680 691 700 62 697 696 684 688
685 674 1005 673 672 696 677 671 722 54
705 728 710 689 703 690 986 683 722 702
679 707 699 35 727 689 679 689 705 699
980 685 715 668 692 714 698 56 712 729
692 718 710 698 1009 694 670 705 694 681
706 69 716 667 717 716 717 683 988 676
711 729 692 688 713 41 701 696 704 704
684 688 968 662 668 706 685 701 684 36
726 693 718 698 725 710 988 686 675 680
668 681 681 58 721 699 726 730 733 709
1010 680 696 696 665 694 687 552 705 58 720 711 718 742 722 727 999
737 746 738 717 720 728 39 717 731 728
725 699 728 1032 759 740 740 703 759 720
76 685 708 690 731 701 694 1038 715 735
736 701 723 740 69 712 740 704 765 710
712 1004 732 726 749 705 721 752 51 738
688 717 757 742 744 1041 722 729 754 728
740 752 69 718 716 705 750 724 714 1030
763 717 728 697 740 702 63 702 711 684
724 705 752 1023 715 707 731 690 726 727
73 716 737 690 731 725 724 1010 766 712
749 706 715 720 46 712 723 711 720 718
702 1038 749 696 756 731 727 743 71 724
724 714 755 732 746 1024 738 738 740 727
715 732 62 708 742 719 770 705 735 1027
734 740 727 702 742 733 55 706 720 711
740 718 705 1018 743 737 728 715 717 733
51 695 734 688 764 728 724 1010 720 727
723 704 718 756 57 709 719 727 772 723
733 1040 753 731 740 716 736 737 552 703 714 25 716 734 715 749 722 707
999 722 727 741 712 705 725 73 718 736
711 727 735 747 1040 733 736 711 707 717
717 53 713 707 725 723 720 745 1005 724
716 712 710 733 720 50 721 724 719 713
720 729 998 722 703 731 700 715 711 54
701 754 728 767 753 724 1014 747 732 756
701 728 721 84 698 724 732 739 710 724
1034 721 705 729 703 695 699 64 697 714
723 733 758 742 1001 738 705 720 707 718
725 46 723 716 696 756 746 704 1045 717
706 748 706 686 711 42 684 726 708 717
737 727 1031 719 738 751 733 695 722 68
693 749 736 747 756 715 1000 753 737 725
683 730 744 73 714 723 748 742 721 734
1022 766 703 713 711 697 702 80 714 734
701 746 733 727 1001 737 718 742 711 708
732 47 727 713 719 755 744 707 999 729
699 731 708 741 752 67 708 738 723 718
742 723 1020 738 696 701 716 703 722 